#          API            t0           Lon           Lat  Vol [m3] Pre [MPa]
  3500321822    2011.953425     -98.535941       36.786008     414634          2
  3500321840    2006.038356     -98.172042       36.622015    6221943         11
  3500321848    2007.038356     -98.136290       36.592199    5069776          0
  3500321897    2008.038251     -98.182762       36.693187    2085929          0
  3500321916    2010.367123     -98.259851       36.969717    1365542          5
  3500321931    2009.038356     -98.450883       36.637920    2508402          0
  3500321961    2010.038356     -98.470995       36.942935    1210339          2
  3500321976    2010.871233     -98.148068       36.957367    1032659          0
  3500321983    2010.871233     -98.201137       36.956509    1502403          3
  3500321994    2011.038356     -98.134400       36.984900     909246          0
  3500321995    2011.038356     -98.118200       36.927900     912123          1
  3500322002    2011.038356     -98.118100       36.928100     848446          1
  3500322006    2011.038356     -98.378400       36.956200     835420          0
  3500322012    2011.038356     -98.264932       36.964050     670525          0
  3500322019    2011.038356     -98.373352       36.978681     679290          0
  3500322020    2011.038356     -98.262064       36.934939     863672          1
  3500322023    2012.038251     -98.235078       36.970812    1074677          0
  3510324364    2012.038251     -97.425190       36.577970     377478          0
  3510324381    2012.953552     -97.166312       36.572381      23394          0
  3510324390    2012.953552     -97.166188       36.543405     259036          0
  3510324424    2013.367123     -97.007439       36.566438     200827          0
  3510324429    2013.038356     -97.417070       36.513440     429219          0
  3510324448    2013.038356     -97.290410       36.405030     331171          5
  3510324455    2013.452055     -97.229278       36.174361      66509          6
  3510324488    2013.534247     -97.184133       36.398387      87830          0
  3510324497    2013.619178     -97.167396       36.166364      59530          2
  3512520225    1998.038356     -96.781133       35.269802     462024          0
  3512520383    2011.038356     -96.836703       34.963283     347154          0
  3504939541    2004.453552     -97.439481       34.756396     801922         28
  3504939650    1999.038356     -97.573374       34.739915     873281          6
  3504950505    2002.534247     -97.514095       34.567730    1460032          5
  3505100503    2012.453552     -97.693314       34.930589     233627          7
  3505100710    1997.038356     -97.721628       34.717170    1345810         36
  3500322024    2011.038356     -98.337231       36.991978    1056932          2
  3500322186    2013.038356     -98.332702       36.920452     672655          2
  3500322418    2013.038356     -98.243955       36.876734     797319          0
  3501130047    1997.038356     -98.222613       36.119711    3012465          7
  3511722524    1998.038356     -96.855073       36.428347    1109201          0
  3511722662    2013.786301     -96.782722       36.245986      63580          1
  3511722902    2011.367123     -96.865168       36.443755     648640          0
  3507720664    2008.704918     -95.271306       34.935361     849737         10
  3513923168    2002.038356    -101.651023       36.841178     488402         14
  3513924082    2006.786301    -101.634029       36.850799     368367         14
  3513924182    2010.367123    -101.642487       36.857142     114342         14
  3513924252    2012.202186    -101.286299       36.953555     192953          0
  3510723093    2002.534247     -96.427132       35.535700     987760          1
  3510723129    2002.038356     -96.289172       35.454627    1126194          1
  3510723280    2006.038356     -96.611066       35.421163    5778314          4
  3510723352    2008.535519     -96.147335       35.424607     621626          3
  3510723360    2008.953552     -96.244853       35.492681     517407          0
  3510723375    2009.871233     -96.334604       35.478196    1263244          3
  3510723376    2010.038356     -96.371171       35.363953     844488        289
  3510723422    2011.038356     -96.244836       35.392055     693546       1446
  3510723456    2012.786885     -96.530250       35.521390      41444          0
  3503920348    1997.452055     -98.652535       35.490084     663427         10
  3503920379    2012.038251     -99.355531       35.544800     424108          0
  3503920617    2012.038251     -98.980270       35.542220     469817         12
  3503922036    2012.202186     -98.972500       35.680270     211188          5
  3501905605    2001.619178     -97.497492       34.345944     561607         28
  3512305055    2010.704110     -96.624975       34.610119     459758         17
  3512305072    2005.284932     -96.822508       34.894522    1309842          0
  3513305212    2005.284932     -96.759564       35.189488    1091677          1
  3513306237    1997.038356     -96.744137       35.180441    1150808          2
  3513306757    1997.038356     -96.653755       35.171432     447099          0
  3509121779    2012.202186     -95.549637       35.422569     143740          4
  3509320134    1997.038356     -98.520143       36.366009     782940          8
  3509320384    1997.123288     -98.508951       36.280801     599250         10
  3509320664    2004.953552     -98.162154       36.229892     903970          0
  3509321030    1997.200000     -98.410477       36.404015     647450          0
  3513321714    1997.038356     -96.743911       35.284513    1227039          1
  3513321724    1997.038356     -96.739500       35.259145    2040112          0
  3513321770    2000.286885     -96.562790       35.331697     567632          0
  3513321808    1997.038356     -96.742806       35.266382    1849708          0
  3513321820    2002.038356     -96.737289       35.257332    1466292          0
  3503716141    1999.123288     -96.611115       36.066857    2266665          4
  3503716435    1997.038356     -96.591053       36.039691    3538928          0
  3503716453    2009.038356     -96.591053       36.032439     972565          0
  3507102579    2003.284932     -96.751580       36.833024    1785332          0
  3507103155    2001.534247     -96.751578       36.823961    1433587          0
  3507103210    2007.123288     -96.758341       36.811272    1521588          0
  3507120302    2012.786885     -97.317740       36.831763      17098          6
  3507120374    1997.038356     -97.277107       36.596162    3312940          0
  3504901095    2011.038356     -97.511903       34.564104     488391          5
  3504901143    1997.786301     -97.551410       34.585813    1089137          6
  3504901254    1999.871233     -97.579964       34.752608     660445          6
  3504901293    2004.871585     -97.463618       34.778132     634950          9
  3504901308    1998.123288     -97.599710       34.781556     338549          9
  3504901309    1999.619178     -97.586544       34.779777     336260          4
  3512523774    2012.871585     -96.907823       35.126580      15502          0
  3512920230    1997.953425     -99.744167       35.643337    1628841         12
  3512920637    1997.452055     -99.433799       35.845200     597133          7
  3512920671    1998.284932     -99.379929       35.678272    1183017         10
  3512920909    2013.123288     -99.670970       35.499768     168326          0
  3512920928    2004.704918     -99.917542       35.446969    2628632         27
  3512921023    2009.038356     -99.398252       35.672879     516298          8
  3512921538    1997.038356     -99.403385       35.526635    1570161         13
  3512921939    2003.953425     -99.442675       35.677948    1177333         10
  3501523157    2012.038251     -98.597023       35.341309      97100          5
  3501535769    1999.123288     -98.240936       34.957429     311763          4
  3501536606    1997.038356     -98.447048       34.943953    2787460          4
  3501536619    1997.038356     -98.452553       34.950299    1827215          3
  3508321253    2013.284932     -97.418075       36.111781     590415          6
  3508321587    2001.038356     -97.618496       35.872496    1144866          4
  3513724752    2012.122951     -97.713007       34.522997     251425          0
  3513725063    2008.286885     -97.598362       34.437201    1259838          0
  3501923571    2012.953552     -97.504608       34.416215     696992         10
  3501923707    2007.786301     -97.320601       34.170264     351630          3
  3501923772    1998.200000     -97.538976       34.237062    1319188         23
  3501923843    2005.038356     -97.416707       34.380543     542645         13
  3501923967    2004.620219     -97.335345       34.176146     872863         66
  3501924307    2011.619178     -97.147920       34.113113     384720         15
  3512322154    1997.452055     -96.777543       34.841215     343688          2
  3510721959    1999.038356     -96.156769       35.524779     623311         25
  3510723092    2000.620219     -96.433220       35.441873     510254          1
  3505322949    2012.620219     -97.777523       36.948946     292258          0
  3505322959    2013.200000     -97.846190       36.751940      70201          0
  3505322963    2013.038356     -98.064637       36.687838     263305          0
  3505322987    2013.038356     -98.028719       36.745873     197745          0
  3505322992    2013.038356     -97.776958       36.730959     134529          0
  3505322996    2013.038356     -97.830813       36.745605      94608          0
  3505323011    2012.871585     -97.767041       36.607885     293241          1
  3505323049    2013.038356     -98.098540       36.808660     210134          0
  3505323050    2013.871233     -97.759202       36.919587     100925          0
  3505323061    2013.038356     -97.669310       36.848700     339589          3
  3505323062    2012.953552     -97.776846       36.745449     190799          2
  3505323068    2013.038356     -97.715010       36.766200     134798          0
  3505323082    2013.038356     -97.794423       36.788974     347843          0
  3505323084    2013.038356     -97.607090       36.824400     318276          3
  3511923771    2008.202186     -96.687307       36.150908     232171          1
  3511923779    2008.286885     -96.714096       36.125597     493036          0
  3511923781    2008.038251     -97.139492       36.017759     478897         10
  3511923843    2010.786301     -96.846396       35.999306     272519          2
  3511923856    2012.038251     -96.862139       36.072222     365244          2
  3511923858    2012.620219     -97.207222       36.014750      92270          1
  3511923895    2012.786885     -96.923306       36.188861      49915          0
  3511923896    2012.038251     -97.017556       36.029528     189873          2
  3511923904    2012.453552     -97.326556       36.057278      97127          0
  3511923911    2013.038356     -96.866970       36.038390     188580          3
  3511923912    2012.368852     -97.078016       35.963639     319421          1
  3511923970    2013.200000     -97.043670       36.209560      67160          1
  3511923974    2013.038356     -96.595560       36.041874     178389          2
  3511923976    2013.367123     -97.049940       35.969970     117059          1
  3511923977    2013.038356     -96.934963       36.152846     329160          1
  3511923981    2013.038356     -96.881084       36.195855     475523          5
  3511923982    2013.038356     -97.112280       36.232360     426407          2
  3511923997    2013.123288     -96.653564       36.036885     205490          1
  3511924009    2013.038356     -97.024690       36.189600     146257          0
  3511924030    2013.871233     -97.132108       36.209848      62251          0
  3510540586    2012.953552     -95.789028       36.664102     316679          1
  3510303002    2001.704110     -97.270337       36.589593     371730          0
  3510320036    2004.786885     -97.426828       36.180076     343196          1
  3510320393    2004.786885     -97.275956       36.585061     368930          0
  3510321123    1997.038356     -97.407019       36.469862     921364          1
  3507123831    2002.367123     -97.274859       36.598428    4327914          0
  3507123838    2000.038251     -97.378645       36.753699    1255954          0
  3507123983    2005.534247     -97.286160       36.608830    4192792          1
  3507124007    2005.038356     -97.236552       36.902534    5327662          0
  3507124014    2005.953425     -97.286160       36.605205    2611145          0
  3507124016    2010.038356     -97.239373       36.908425    2499742          0
  3507124082    2008.038251     -97.288408       36.595235    1153464          0
  3507124151    2007.038356     -97.328996       36.616031    3277591          2
  3507124159    2011.871233     -96.796379       36.979449      43586          0
  3507124230    2008.038251     -97.310951       36.614245    2734926          2
  3507124328    2010.038356     -97.211736       36.893483    2101429          6
  3507124367    2011.367123     -96.833830       36.970890      64243          0
  3507124371    2012.038251     -97.316194       36.993139     221381          1
  3507124386    2012.535519     -97.376960       36.704300     860124          4
  3503708186    2001.619178     -96.273004       35.843273     419352          4
  3503708803    2011.367123     -96.559847       35.927335     232256          1
  3503708993    1997.534247     -96.542027       35.969053     432035          0
  3500724870    2006.786301    -100.418198       36.610823     528942          0
  3500725367    2009.871233    -100.638975       36.617877     599875          0
  3500725382    2011.284932    -100.712761       36.674371     394773          0
  3500725457    2012.620219    -100.711918       36.696332      98497          0
  3500725492    2012.535519    -100.761700       36.776680      58195          0
  3511704379    2011.200000     -96.862619       36.282583     318343         10
  3513323608    1997.038356     -96.764900       35.276334    2189799          0
  3513323614    1999.038356     -96.570504       35.287284    1005994          1
  3511920629    2011.367123     -97.046810       35.970738     549949          3
  3513726668    2009.038356     -97.610947       34.443094     644783        219
  3513726971    2013.038356     -97.657320       34.607650     230505          9
  3511102637    1997.038356     -96.117994       35.708407    1053089          0
  3513320420    1999.038356     -96.640536       35.171436    1931411          0
  3513320450    1997.038356     -96.743911       35.270008     924466          0
  3513320485    1997.038356     -96.683172       35.281391    1322146          1
  3513320531    1997.038356     -96.650454       35.081681    1873495          2
  3513320580    2000.786885     -96.716311       35.319901     950647          3
  3513320648    2001.367123     -96.519705       35.356150     475821          3
  3513320892    1997.038356     -96.528078       34.908474     771546          4
  3513320920    1996.953552     -96.525878       34.899408    1966957         18
  3508122309    1998.619178     -96.663473       35.696013     885517          4
  3508123019    1995.038356     -96.913330       35.762262    3704530          0
  3515123194    2008.871585     -99.101276       36.831608     616342          0
  3515123217    2009.038356     -99.095670       36.819842    2189576          0
  3515123245    2009.200000     -99.119282       36.842917     263297          0
  3515123275    2009.200000     -98.629773       36.861998     850458          0
  3515123406    2011.038356     -98.575759       36.905335    2730793          0
  3515123411    2012.620219     -98.933593       36.945604     181807          0
  3515123417    2010.038356     -98.750188       36.753497     605315          0
  3515123472    2012.038251     -98.806663       36.964346    1784425          0
  3515123500    2011.619178     -98.710895       36.935210     487124          0
  3515123514    2012.038251     -98.549484       36.775569    1360884          0
  3515123526    2011.953425     -98.549499       36.702955     476293          0
  3515123528    2012.535519     -98.692926       36.920574     490721          0
  3512500607    2002.038356     -96.835602       34.963283    3356949          0
  3512501164    2008.704918     -96.888519       35.063044    1462890          0
  3512501365    1999.038356     -96.831213       35.199001    2893906         37
  3502721434    2009.619178     -97.159693       35.219431     217948          0
  3502735275    1998.367123     -97.411535       35.326315    1701464          5
  3504923702    2007.452055     -97.435636       34.759570     781096         12
  3504923783    1997.619178     -97.140393       34.735803    1689400          6
  3500322193    2013.038356     -98.262064       36.934939     325993          0
  3500322212    2013.038356     -98.225896       36.862242     536393          1
  3500322229    2013.038356     -98.154777       36.934771     293921          0
  3500322246    2013.038356     -98.373351       36.949629     343274          0
  3500322247    2013.038356     -98.367350       36.783500     282907          0
  3500322286    2013.038356     -98.200400       36.972000     245731          0
  3500322302    2012.038251     -98.327816       36.542834     491483          0
  3500322308    2013.038356     -98.368990       36.833526     442197          0
  3500322316    2013.038356     -98.327080       36.883800    1382110          2
  3500322318    2013.038356     -98.280127       36.891318    1274269          1
  3500322345    2013.038356     -98.441223       36.760882     270283          0
  3500322349    2012.038251     -98.495107       36.819051    1604514          0
  3500322355    2013.038356     -98.215800       36.841400     612648          2
  3500322370    2013.367123     -98.161700       36.781453      56018          1
  3500322386    2013.038356     -98.280128       36.920355     829100          1
  3500322390    2013.038356     -98.379000       36.769100     575089          1
  3500322409    2013.038356     -98.172943       36.862152     357723          0
  3504721247    2001.367123     -97.843583       36.290888     101766          2
  3504722000    2012.535519     -97.628515       36.526457     218356          1
  3512522260    2012.368852     -96.842230       35.061196     235030          0
  3512522329    1996.038251     -96.840020       35.033998    3489999          0
  3512522376    1995.200000     -96.840027       35.073889    1500006          0
  3512522401    2002.038356     -96.889620       35.053072    5107102          0
  3512522688    1997.953425     -96.814668       35.027636     469845          0
  3513320352    2001.038356     -96.667004       35.175058    1668811          0
  3513322599    2013.704110     -96.729556       35.283623      81309          0
  3505320172    1997.038356     -97.751559       36.780052    1887352         35
  3505320785    2011.953425     -97.504837       36.686355     203341          0
  3512302080    2002.038356     -96.480458       34.905475    1275733          6
  3512302192    2011.871233     -96.619201       34.617381     488487          6
  3512302323    2007.200000     -96.594238       34.604674     177822          4
  3512302686    2007.704110     -96.633748       34.608305    1307201         11
  3512302709    2011.284932     -96.627167       34.606492    1380850          8
  3512303019    1999.038356     -96.585468       34.626434     506093         13
  3512303036    2011.786301     -96.578873       34.619174     236669         12
  3501920716    2013.123288     -97.513863       34.217154     237965          4
  3501920916    1998.704110     -97.506219       34.240764     602423          5
  3501920931    1997.953425     -97.505128       34.238497    3849182          4
  3501920935    1998.038356     -97.500761       34.237137    1621243          5
  3501921086    2012.122951     -97.560815       34.246088    1356013          1
  3501921096    2013.619178     -97.410136       34.228213      50930          0
  3501921516    2008.953552     -97.511681       34.232568     718187          4
  3501921974    2010.367123     -97.406705       34.145248    1110255          9
  3504924896    2012.953552     -97.352739       34.722645     143347         11
  3505120402    2002.871233     -98.020670       35.038566     907582          7
  3505322795    2011.038356     -97.822833       36.739722     425723          0
  3505322947    2013.038356     -97.866932       36.687730     295283          0
  3510324361    2013.038356     -97.202058       36.282553     303710          3
  3513323589    2004.871585     -96.568294       35.298163     385994          0
  3501902447    2004.038251     -97.440712       34.438524     125221          4
  3513722151    2007.786301     -97.689721       34.409641     523935          2
  3513722782    2002.786301     -97.952855       34.375546    1404439          4
  3503727834    1997.704110     -96.588822       36.057820    1330997          0
  3503727928    2006.123288     -96.438080       35.751345     633768          4
  3503728150    1997.038356     -96.588264       36.046490    6781884          0
  3507322947    2011.953425     -97.765342       35.738726     866610          7
  3507323148    1997.534247     -97.937842       35.812210     825587         12
  3507323560    2004.704918     -97.800958       35.858414     496393          5
  3507324279    2008.368852     -98.202426       35.969583    1206618         66
  3507324320    2013.871233     -97.939520       36.071485      43025          8
  3513324788    2009.038356     -96.487336       35.121491     604902          6
  3513324859    2011.038356     -96.556198       35.369796    1542613          0
  3513324962    2012.038251     -96.608313       35.166648    1651817          4
  3513324989    2012.038251     -96.643585       35.079653     515160          0
  3513325025    2013.038356     -96.494860       35.334480     435579          6
  3510721436    2010.871233     -96.418247       35.348969     370240         13
  3508323545    2001.038356     -97.162749       35.800134    3216142          0
  3508323586    2002.038356     -97.166819       35.926037    2760345          4
  3508323589    2002.038356     -97.216728       35.853286    5116232          0
  3508323592    2002.038356     -97.161077       35.737134    1951576         11
  3508323632    2004.038251     -97.220618       35.796631    1915245          0
  3508323634    2003.038356     -97.192236       35.795191    2361623          0
  3508323649    2006.038356     -97.185556       35.749868     628180          0
  3508323652    2003.038356     -97.198362       35.805658    1297497          0
  3508323695    2005.038356     -97.176660       35.733551    1677677          6
  3508323704    2006.038356     -97.195785       35.913431    1739472          1
  3508323772    2007.123288     -97.316894       35.855250     176154          0
  3508323910    2013.284932     -97.624716       35.913622     237526          0
  3508323951    2011.786301     -97.560040       36.145390     259925          5
  3508323957    2013.284932     -97.415339       36.078528     485570          3
  3508323979    2012.368852     -97.444597       36.163475      60590          0
  3508323988    2013.704110     -97.524017       36.079759     182003          3
  3500920466    1997.200000     -99.583609       35.344700    2080147         11
  3500920603    2006.284932     -99.951813       35.359867     653938          8
  3500920669    2006.953425     -99.843451       35.361866    1257649         11
  3500920809    2006.786301     -99.703027       35.402766     824658         10
  3500920871    2006.200000     -99.800335       35.359204     468014         12
  3500920886    2005.123288     -99.915322       35.316424     179095          6
  3500921057    2009.200000     -99.852291       35.271209     402016          6
  3500921114    2005.038356     -99.792588       35.324302     483327         12
  3500921302    2006.038356     -99.818582       35.374146     883774         13
  3500921442    2011.367123     -99.829621       35.212758     202957          5
  3500921715    2008.620219     -99.401713       35.270530    1089253         23
  3500921805    2012.038251     -99.877250       35.348583     972800         11
  3500921824    2012.286885     -99.407528       35.270472     215675          6
  3500921825    2013.038356     -99.653306       35.420361     318906          4
  3500935259    2002.534247     -99.404481       35.335349     933973          3
  3510322712    2007.038356     -97.407016       36.460797    1817781          0
  3510322731    2009.284932     -97.431300       36.176451     504291          6
  3510323658    2005.038356     -97.418208       36.453524    2676292          1
  3510323835    2005.038356     -97.415405       36.467574    5747124          3
  3510323882    2005.038356     -97.268090       36.591406    3172056          2
  3510323912    2005.038356     -97.272023       36.591859    4015035          0
  3514120247    2003.619178     -99.144589       34.331625    1497196          4
  3513709849    1997.452055     -98.085397       34.524466      36228          6
  3512307285    2006.704110     -96.563506       34.619164    1488624          1
  3503722031    2002.038356     -96.599981       36.037877    1178153          0
  3503722414    2002.038356     -96.593287       36.046943    5412621          0
  3514920288    2005.123288     -99.184187       35.258448     460292         13
  3514920748    2001.367123     -99.362210       35.264328    1896651         12
  3514921014    2012.038251     -98.786500       35.380250     444432          8
  3514921191    2007.452055     -98.977426       35.453575    1126462         13
  3503701293    2009.038356     -96.591054       36.054195     787781          0
  3503701716    2011.038356     -96.573230       36.072349     258052          0
  3513322627    1999.284932     -96.656102       35.264173    1136782          0
  3513322809    1997.786301     -96.629509       35.066270     582205          0
  3513322813    1997.038356     -96.629509       35.068084    2454722          1
  3513322819    1997.038356     -96.716044       35.179111    2117960          0
  3513322851    2003.038356     -96.632276       35.128373     945032          2
  3513322860    2007.123288     -96.682395       34.939334    1242849          4
  3507122564    2001.534247     -96.756090       36.836649    1602714          0
  3507123002    1999.704110     -97.405679       36.639464    4713033          0
  3511127015    2005.704110     -96.124093       35.669862     199370          1
  3504520207    2012.038251     -99.872731       36.136818     359142        724
  3504520299    2002.786301     -99.459556       36.138991     783932         10
  3504520447    2010.704110     -99.634667       36.365996     402983          3
  3504520531    2009.953425     -99.758865       36.276288    1034345          3
  3504520716    2013.953425     -99.640746       36.137257      62270          0
  3504521723    2008.038251     -99.755423       36.015062    1794762          6
  3504522660    2011.038356     -99.747951       36.137153     921995          8
  3504522907    2013.367123     -99.973066       36.442360     135295          4
  3504523103    2012.871585     -99.735431       35.890034     493487          0
  3513920498    1997.704110    -101.094526       36.746283     361122          0
  3513921695    1999.284932    -101.624433       36.923324    1063256          3
  3505921558    1998.038356     -99.299273       36.699170     948040         14
  3505921682    1998.038356     -99.307708       36.664275     439429         13
  3505921964    2006.786301     -99.296460       36.711405     119336          7
  3505922389    2008.038251     -99.313922       36.712813     147816          0
  3504920957    1998.038356     -97.190302       34.556826    1521763         13
  3504921076    2004.786885     -97.283613       34.604079     762017          5
  3504921550    2011.284932     -97.298989       34.732823     293597          6
  3508123471    1999.619178     -97.123235       35.795499    1028358          5
  3508123495    1999.953425     -97.078799       35.781074    1041395          0
  3508123499    1999.038356     -96.738424       35.557843    4871622         27
  3508123502    2000.038251     -97.119337       35.765585    1494183          3
  3508123561    2000.038251     -96.750764       35.541318     985734          2
  3508123577    2000.038251     -97.078802       35.804644    2938490          0
  3508123595    2001.038356     -96.794515       35.710618    7312689          3
  3508123621    2001.038356     -96.776743       35.667099    9250485          6
  3508123631    2001.038356     -97.139337       35.799535    1545962          3
  3508123655    2001.534247     -97.047074       35.924251     797101         34
  3508123680    2002.038356     -97.141572       35.840328     253007          0
  3508123681    2008.038251     -96.856699       35.668922     387434          0
  3512521433    2001.038356     -96.867581       35.121965    4268292          0
  3512521512    2002.200000     -96.838561       35.210932     726667          3
  3512521633    2001.367123     -96.787115       35.035754    2011019          0
  3512521640    1997.038356     -96.805437       35.270730    4183050          0
  3512521680    1997.123288     -96.908362       35.077557     212095          0
  3512521687    2006.038356     -96.783824       35.147267     963520          0
  3513307182    1997.200000     -96.661077       35.283664    1954469          8
  3513308875    2007.786301     -96.667710       35.285477     699928          6
  3513309089    1997.038356     -96.632358       35.245593    1940532          3
  3513309753    2009.534247     -96.646735       35.385205     531927          0
  3511901017    2007.038356     -97.138379       36.038608    3024701          3
  3509324452    2006.038356     -98.516781       36.363290     658436         10
  3509335544    2006.367123     -98.418325       36.397669     759872          4
  3509335567    1997.038356     -98.369088       36.361343    1943740         65
  3509900569    2011.534247     -97.050289       34.492521     215885          4
  3509900574    2012.953552     -97.067795       34.503400      84085          7
  3509900581    1998.038356     -97.076540       34.505210    1561037         10
  3513320991    1997.871233     -96.633922       35.085308    1431340          3
  3513321010    2003.786301     -96.747229       35.291766    1518398          1
  3513321161    2006.284932     -96.761773       35.191301     973587          0
  3513321173    2001.953425     -96.731764       35.250986    2339309          0
  3502920403    2008.202186     -96.454407       34.430040     450837          4
  3502920411    2009.123288     -96.128400       34.594421     231258         19
  3502920422    1997.452055     -96.350420       34.609955     953224          6
  3502920890    2008.038251     -96.425961       34.489902    2747303          7
  3502921000    2010.038356     -96.232010       34.744582    1201737         16
  3504924938    2013.871233     -97.561814       34.598559      47811          3
  3504930030    2011.534247     -97.061911       34.701652     623313          3
  3504935621    2012.038251     -97.490482       34.567316     388549          4
  3504935642    1997.038356     -97.481166       34.565957     564479         27
  3513302532    1997.038356     -96.640537       35.195008    1400646          0
  3513303402    2004.453552     -96.497239       34.913898    1349739          6
  3513303404    1997.038356     -96.501641       34.915711    1949178          2
  3513303492    1995.038356     -96.500540       34.900299    1970010          2
  3513303500    1995.038356     -96.501640       34.899392    1984320          0
  3508720215    2008.704918     -97.524061       34.965034     387069          8
  3508721316    2008.453552     -97.621058       34.872376     786926         12
  3508721600    2001.367123     -97.422644       34.899849     745250          9
  3508721656    2001.284932     -96.985649       34.903377     121084          0
  3505122644    2005.038356     -98.063658       35.084739    1191653         12
  3505122862    2003.704110     -97.794143       34.775267     997175         19
  3505135576    2000.038251     -97.687570       34.839517     542939          6
  3510921983    2007.367123     -97.641879       35.523068     567640          1
  3510921994    2010.200000     -97.289479       35.723384     638218          0
  3510922128    2005.038356     -97.439636       35.404170   11741610          2
  3510922154    2005.534247     -97.641879       35.549357     211995          0
  3510922170    2006.038356     -97.439636       35.404170    9049791          2
  3510922171    2005.038356     -97.176875       35.718289    2989242         28
  3510922254    2008.202186     -97.146011       35.499190     571418          3
  3510922259    2008.038251     -97.457925       35.432714    6234829          2
  3510922261    2008.038251     -97.439083       35.403716    9199753          2
  3510922280    2012.122951     -97.486737       35.413646     390861          0
  3510922282    2009.038356     -97.145458       35.511429    1163293          0
  3510922298    2009.871233     -97.636144       35.708152     227993          6
  3501925591    2012.704918     -97.466118       34.180061      50920          4
  3515123689    2013.284932     -98.585602       36.717622      70080          0
  3515123729    2013.038356     -98.647468       36.732753     928259          0
  3515123739    2012.953552     -98.782452       36.891744     370721          0
  3515123796    2013.038356     -98.782410       36.920725     542366          0
  3515123808    2013.619178     -98.764611       36.746869      39703          0
  3515123819    2013.038356     -98.633130       36.755700     527369          0
  3515123859    2013.619178     -98.861800       36.913900      52470          1
  3515320291    1999.534247     -99.290657       36.700075    1085280          8
  3515320697    1997.452055     -99.455572       36.454039     812835          6
  3515321697    2003.038356     -99.338936       36.552027    1507679         14
  3515322049    2003.452055     -99.339497       36.549761    2180039         35
  3515323010    2007.200000     -99.013691       36.423028    1692621          9
  3515323117    2007.123288     -99.266462       36.697822     310273          8
  3515323377    2008.453552     -99.334463       36.521668     504281          9
  3513723366    2003.534247     -97.576469       34.370049     491814          2
  3513922719    2007.786301    -102.008875       36.990740     529205         12
  3510722605    1997.038356     -96.156204       35.469026     951768          3
  3511923740    2008.038251     -97.133357       36.037249    1399119          3
  3512303082    2011.200000     -96.616187       34.608303    1457150         12
  3501121772    2008.122951     -98.512780       35.851622     383472         12
  3501121962    2013.038356     -98.397361       35.649250     399711          7
  3501122308    2004.286885     -98.390500       35.882924     406813         10
  3501122466    2008.786885     -98.398845       35.838958     696825         18
  3501122757    2012.535519     -98.541697       35.831210     231900         10
  3501123283    2011.200000     -98.542362       36.155207     400141          6
  3501123349    2011.038356     -98.555583       35.753528     627852          8
  3512320825    2012.122951     -96.620437       34.620936     136945         11
  3510701512    2007.200000     -96.435981       35.390653    1416730          0
  3510704935    2010.871233     -96.422682       35.399735     713108          3
  3513725552    2011.452055     -98.063505       34.661417     225063         12
  3513725873    2008.038251     -97.613682       34.444454     243450          0
  3513725920    2005.038356     -97.688629       34.459962    9205641          5
  3513726230    2010.704110     -98.019679       34.561758     145320         52
  3513324298    2000.953552     -96.764905       35.356113    3013705          7
  3513324301    2000.786885     -96.599226       35.258279    2487336          1
  3513324302    2001.367123     -96.460049       35.325268    2030662          0
  3513324309    2006.038356     -96.464737       35.138242    1412480         68
  3513324334    2006.038356     -96.715756       35.308568    4469858          2
  3513324341    2006.786301     -96.468604       35.185839     480648          0
  3513324356    2001.038356     -96.636771       35.252845     910789          1
  3513324386    2001.038356     -96.546230       35.357976    1481706          3
  3513324409    2003.786301     -96.452335       35.360599    1653908         10
  3513324429    2003.038356     -96.502214       35.140096    2499480          1
  3513324437    2004.953552     -96.553935       35.259171     770170          0
  3513324463    2006.038356     -96.752769       35.378797    1360041          0
  3506321385    2007.534247     -96.359207       35.288152    1206604          4
  3506321455    2005.534247     -96.444808       35.080227    1398512          0
  3507720326    2007.619178     -95.001841       34.981351     916015         10
  3508123459    2007.038356     -97.013852       35.799784     405773          0
  3508123682    2001.038356     -96.981080       35.717791    2006922          2
  3508123894    2007.038356     -96.873932       35.781779    7041502          7
  3508323524    2002.038356     -97.163303       35.777019    2148256          0
  3505322487    2005.038356     -97.992061       36.637144    5088866          4
  3505322591    2007.038356     -98.056287       36.606187    3138308          4
  3505322722    2010.284932     -97.766239       36.936848     305258          2
  3505322763    2011.038356     -97.861582       36.969380     459067          0
  3505322764    2013.200000     -97.834485       36.968489     298378          0
  3505322771    2011.284932     -97.719528       36.623056     374288          6
  3505322783    2011.123288     -97.607944       36.795278     290049          0
  3505322786    2011.200000     -97.730333       36.987056     600541          0
  3505322791    2011.123288     -97.951389       36.809889     365295          0
  3503728615    2010.452055     -96.480880       35.781695     685223          1
  3503728644    2003.038356     -96.604973       36.042836    6189343          0
  3503728748    2009.200000     -96.594401       36.033346     624033          0
  3503720565    2003.871233     -96.579923       36.045154    2605782          3
  3503720628    2003.953425     -96.594407       36.075950     365835          0
  3503720730    1997.038356     -96.576577       36.049687    4227954          3
  3503720804    1997.038356     -96.586590       36.050569    7991466          0
  3503720806    1997.038356     -96.593285       36.036065    2133816          0
  3503720849    1999.123288     -96.035087       35.969441     678829          6
  3503720945    2010.038356     -96.595506       35.959921     606208          0
  3503720971    1997.038356     -96.597749       36.041503    5167665          0
  3500322026    2011.038356     -98.200900       36.972000     674223          3
  3500322027    2011.038356     -98.531130       36.920656     461618          0
  3500322028    2011.038356     -98.319096       36.964135    2284147          0
  3500322039    2011.038356     -98.481767       36.978409     736648          0
  3500322046    2012.038251     -98.458860       36.906170    2376634          0
  3500322066    2012.202186     -98.220744       36.557463     730992          2
  3500322102    2012.535519     -98.310190       36.513896     247858          1
  3500322108    2013.038356     -98.225876       36.934924     502194          0
  3500322117    2013.038356     -98.262800       36.985200     387315          0
  3500322131    2013.038356     -98.225896       36.862242     606067          2
  3500322132    2013.038356     -98.225876       36.934924     499523          1
  3500322133    2012.953552     -98.133300       36.984900     428919          2
  3500322144    2011.953425     -98.325000       36.922000     687987          2
  3500322152    2012.038251     -98.459333       36.731889    1753482          0
  3500322157    2013.038356     -98.264961       36.978565     241282          0
  3500322158    2013.038356     -98.131300       36.898900     426985          0
  3500322163    2013.038356     -98.367320       36.783920     431793          0
  3500322165    2013.038356     -98.264932       36.964050     533739          0
  3500322177    2013.038356     -98.315459       36.934995     344572          0
  3500322183    2013.038356     -98.172901       36.891155    1513295          1
  3503703982    1999.200000     -96.455314       35.765392     593582          3
  3512523455    2002.038356     -96.676224       35.418295    1659799          0
  3512523465    2003.038356     -96.689469       35.436465    1163657          2
  3512523507    2003.871233     -96.702157       35.426980    1796023          1
  3512523509    2003.038356     -96.870886       35.086607    2770894          0
  3512523519    2004.038251     -96.646969       35.413225    3047370          2
  3512523527    2004.038251     -96.725922       35.442878    2714600          1
  3512523540    2004.038251     -96.691128       35.412440    2346874          2
  3512523548    2005.367123     -96.888521       35.081177    4579909          0
  3512523553    2005.123288     -96.632574       35.408694    4537046          2
  3512523558    2005.284932     -96.692794       35.455502    1444362          2
  3512523610    2008.038251     -96.895138       35.077550    3288779          0
  3512523612    2008.038251     -96.754066       35.421630    1864594          2
  3512523623    2009.284932     -96.878324       35.245418     300918          0
  3512523650    2009.786301     -97.000959       35.131946     244757          0
  3512523706    2012.122951     -96.816176       34.963922     661918          1
  3512523711    2011.038356     -97.138467       35.202709     320188          0
  3504724404    2013.704110     -97.562966       36.355481     299207          0
  3504724475    2013.038356     -97.613244       36.498667      76688          2
  3504724494    2012.368852     -98.029580       36.539028     197184          6
  3504724507    2012.704918     -97.604800       36.447720     210743          0
  3504724516    2012.038251     -97.613960       36.556340     534539          4
  3504724528    2011.871233     -97.890361       36.504361     418910          1
  3504724534    2013.038356     -97.695720       36.519282     327399          0
  3504724549    2012.953552     -97.773646       36.195447     420053          4
  3504724553    2012.871585     -97.773641       36.224478     228069          4
  3504724585    2013.038356     -97.942878       36.550543      78015          5
  3504724590    2012.704918     -97.595028       36.195674     125130          0
  3504724630    2013.038356     -97.467240       36.548880     381264          0
  3504900789    1998.786301     -97.517930       34.563650    1740351          5
  3501537157    2012.038251     -98.437144       34.930358     424252          6
  3501537367    2006.284932     -98.201260       34.939241     428692          6
  3501720084    2002.619178     -98.289453       35.662921     226863         11
  3501720316    1998.452055     -98.236200       35.605470     749389         13
  3501721874    1995.534247     -97.682162       35.447806     868301          5
  3501722156    2010.284932     -97.681055       35.448713     421667          5
  3501723408    2011.038356     -98.082741       35.490350     692603          8
  3501723474    2009.786301     -98.280011       35.583147     448788         19
  3501723507    2005.452055     -98.144248       35.523841    2102251          9
  3501723786    2004.704918     -97.681010       35.704079    1936564          0
  3501904378    2012.704918     -97.390489       34.364243     136425          4
  3501904435    2007.534247     -97.370832       34.347941     311734          1
  3501904460    2002.452055     -97.397047       34.356989     418905          4
  3513702989    2004.953552     -97.574293       34.448026     552528          0
  3513712061    2004.368852     -97.604933       34.497043    1099427         19
  3513712065    2012.368852     -97.619702       34.502054     195998          0
  3512323218    1998.038356     -96.834053       34.876361    2326567          2
  3508323357    2013.367123     -97.494928       35.929590     140844          4
  3508323426    1999.038356     -97.143422       35.927804    5421092          1
  3508323447    2000.038251     -97.145499       35.805980     556569          0
  3508323451    1999.038356     -97.175730       35.905187    3039249          0
  3508323458    2000.368852     -97.191691       35.841875    4712857          0
  3508323468    2003.038356     -97.182228       35.854114     438322         35
  3508323486    2013.953425     -97.494930       35.933216      29518          4
  3508323492    2001.038356     -97.187802       35.898531    4681035          0
  3507124432    2011.619178     -96.889528       36.955139     187476          0
  3507124474    2012.038251     -97.389667       36.622167    2286713          1
  3507124475    2012.122951     -97.023389       36.811139     426712          0
  3507124484    2012.038251     -97.280056       36.622361    1180951          3
  3507124501    2012.122951     -97.177222       36.754361      94561          0
  3507124514    2012.038251     -97.075708       36.933888     231249          0
  3507124519    2013.038356     -97.223190       36.629580     193482          0
  3507124534    2012.535519     -97.201665       36.717069      19803          0
  3507124535    2012.786885     -97.399622       36.948609      53533          1
  3507124536    2013.038356     -97.130212       36.774861     447229          2
  3507124558    2013.038356     -97.417316       36.629869     350728          0
  3507124564    2012.953552     -96.878670       36.846945     402269          3
  3507124576    2012.953552     -97.399842       36.832883      13520          0
  3507124593    2013.038356     -97.381507       36.644393     451451          0
  3507124618    2013.452055     -97.236290       36.636810      90068          0
  3507124647    2013.038356     -97.219961       36.789510     149304          3
  3507320250    1997.038356     -98.209149       36.116430    1587867          1
  3513323102    2009.038356     -96.716597       35.183191    1311457          1
  3513323119    2011.953425     -96.583215       35.176872     100071          0
  3513323158    1998.038356     -96.649365       35.158743    1981570          0
  3513323165    2003.038356     -96.649365       35.154210     638345          0
  3513323287    2007.038356     -96.497243       35.037197     976876          0
  3513323429    1997.038356     -96.636119       35.075789    2342583          0
  3500721044    2008.122951    -100.005925       36.836686     464715          4
  3500721223    2011.704110    -100.501720       36.589980     336548          0
  3500721250    2007.619178    -100.846226       36.616445     575441          0
  3500721536    2011.200000    -100.539830       36.618023     606593          0
  3500721857    2012.286885    -100.765309       36.536661     313029          0
  3500722115    1997.038356    -100.520713       36.776649     436897          0
  3500722205    2012.286885    -100.927237       36.580392     232818          0
  3500722490    2012.871585    -100.585517       36.551046     112598          0
  3512303098    2010.619178     -96.611801       34.610117     727882         13
  3512303103    2006.534247     -96.613994       34.611930     988264         12
  3512303105    2011.123288     -96.607415       34.613744    1389680         32
  3512303110    2013.367123     -96.600835       34.608305     787324         12
  3512303113    2006.619178     -96.609608       34.619184     535310         32
  3512303132    2003.038356     -96.603028       34.606491    3138455       1136
  3512303185    2011.786301     -96.613994       34.608304     280547         13
  3512303191    2011.200000     -96.611801       34.619184     459900         11
  3511720469    2004.038251     -96.493216       36.280460     292447          0
  3511721942    2010.284932     -96.987274       36.449884     311488          2
  3511700923    2003.786301     -96.483141       36.279555     709424          4
  3511701087    2009.038356     -96.940233       36.449992    1352776          0
  3512120221    2007.619178     -96.016095       34.921380    1233444         30
  3512120695    1999.534247     -95.396256       35.116354     965488          4
  3512122070    2004.953552     -95.713337       35.053489     560142          8
  3512123976    2010.704110     -95.677568       35.151832     356294          4
  3512124114    2010.038356     -95.424316       35.109662      64484          0
  3512124566    2013.038356     -95.586337       35.050820     337286          4
  3512300296    1997.038356     -96.818104       34.866417    2182588          0
  3512305846    2007.038356     -96.843400       34.872703    1067505          8
  3513322068    2002.038356     -96.740608       35.266397    1112604          0
  3513322121    1997.038356     -96.636119       35.086215    1020713          0
  3513322182    2001.038356     -96.733127       35.176831     460508          1
  3513322199    1997.038356     -96.714096       35.290890    7342715          4
  3513322307    1998.200000     -96.774996       35.049869    3001490          0
  3513322451    1997.038356     -96.739714       34.991882    2465049          0
  3510322096    2006.038356     -97.400284       36.460798    1130839          0
  3504938081    1997.038356     -97.605205       34.802409    1186375         45
  3504938487    2011.038356     -97.151914       34.738102     230556          6
  3504938899    2004.871585     -97.463618       34.774505    1440745         82
  3510122862    2008.786885     -95.251721       35.310533     507521          7
  3510300640    2007.038356     -97.436890       36.186421    1173456          5
  3510300893    1997.038356     -97.396920       36.468956    1481656          3
  3510300897    1997.038356     -97.395798       36.471675    4955054          1
  3501922117    2000.786885     -97.525906       34.418445     399174          0
  3501922370    2006.452055     -97.477831       34.190022     161861          6
  3501922536    2002.534247     -97.462542       34.173731    1081613          5
  3510323976    2007.038356     -97.404211       36.458532    4275350          0
  3510324009    2006.619178     -97.263651       36.593219    2151942          0
  3510324118    2007.786301     -97.290509       36.593215    3345585          0
  3510324178    2008.871585     -97.290506       36.556959     767602          1
  3510324189    2010.038356     -97.365566       36.518846     725532          0
  3510324269    2012.620219     -97.345439       36.513825     623757          0
  3510324274    2011.704110     -95.407750       36.464222     216488          0
  3510324277    2012.786885     -97.142028       36.206111     411369          2
  3510324285    2012.038251     -97.039556       36.521111     691799          0
  3510324286    2012.202186     -97.382278       36.593250     472339          0
  3510324300    2012.038251     -97.237130       36.362417     534471          0
  3510324317    2013.038356     -97.238006       36.543234     136128          0
  3510324351    2013.038356     -97.381508       36.586324     199192          0
  3507100583    1997.038356     -97.304215       36.829951     448635          5
  3508323996    2013.038356     -97.541721       36.021775     107749        941
  3508323999    2013.534247     -97.555860       36.028600     118671          6
  3508324008    2013.871233     -97.541750       36.123204      41770          1
  3508324009    2013.200000     -97.517500       35.145760     140111          0
  3500725516    2012.871585    -100.615952       36.704490     154630          0
  3500725531    2013.038356    -100.801586       36.623807     163366          0
  3500730078    2012.286885    -100.693732       36.623778     221071          0
  3500730203    1997.452055    -100.499898       36.958506     823252          0
  3500736196    1999.200000    -100.410703       36.926820    1567013          0
  3500900357    2011.038356     -99.406694       35.335349     274086          3
  3500920301    2001.619178     -99.873288       35.215884    1465219          6
  3512520586    1995.038356     -96.859862       35.044891     769615          0
  3512520980    2000.038251     -96.829000       35.088395    4169198          0
  3512521026    2011.038356     -96.855452       35.055771     931485          0
  3512521057    1997.452055     -96.903945       35.024974     466458          0
  3512521307    2013.038356     -96.795933       35.044842     273798          0
  3512521351    1996.038251     -96.823487       35.031261     422304          0
  3504924313    2008.535519     -97.585994       34.768444     412770          6
  3504924554    2007.452055     -97.429044       34.752771     878085         12
  3504924599    2007.704110     -97.260032       34.785838    1271388          5
  3504924729    2010.534247     -97.416971       34.723313     619737         13
  3504924760    2012.038251     -97.544260       34.578132     273396          2
  3504924810    2012.535519     -97.334662       34.745985     260332         17
  3508123907    2008.038251     -97.127092       35.649055    1557229          2
  3508123909    2007.038356     -96.972189       35.715979    4688321         10
  3508123923    2007.038356     -97.001054       35.679671     413796          8
  3508123947    2008.038251     -96.910014       35.725106    6718194         10
  3508123965    2008.038251     -96.957192       35.654808    1751876          0
  3508123975    2008.038251     -96.858915       35.681610    3933227          5
  3508124016    2011.953425     -97.067697       35.726718     389753          0
  3508124029    2011.038356     -96.796164       35.774937    1556720          2
  3508124052    2010.038356     -97.088216       35.606570    3029510          3
  3508124092    2012.620219     -96.760103       35.615668     245889          1
  3508124103    2012.871585     -96.961873       35.921176     165854          1
  3514722463    2004.871585     -95.932448       36.453557     302040          0
  3506322376    2001.200000     -96.144928       35.287338     816187          0
  3503721033    1998.038356     -96.603299       36.044196    7155153          0
  3503721143    2011.619178     -96.584356       35.947231     438743        151
  3503721868    2010.534247     -96.056257       35.955898     904231          4
  3503709990    2011.123288     -96.575461       36.052407     383437          0
  3503710262    2004.953552     -96.071298       35.959123    1511198          5
  3514921443    2009.786301     -99.032709       35.290365     946489         12
  3515120021    2003.038356     -98.924042       36.759607     977145          0
  3515121367    2013.871233     -98.702123       36.946171     190527          4
  3515121599    2004.535519     -98.547748       36.566162    1143479          7
  3515122447    2004.038251     -98.713592       36.595262    1735952          6
  3515122602    2005.871233     -99.082144       36.824375    3326718          0
  3515122657    2006.038356     -98.789582       36.782566    4672616          6
  3515122680    2007.038356     -98.558315       36.681859    6252172         10
  3515122757    2008.038251     -99.045007       36.810807    2292086          0
  3515122776    2008.038251     -99.113672       36.798072     917977          1
  3515122809    2008.122951     -99.078796       36.838890    1077192          0
  3515122819    2011.200000     -99.114261       36.916351     770388          0
  3515122834    2007.871233     -99.023639       36.766411     989866          0
  3515122847    2008.038251     -99.115899       36.824337    1195451          0
  3515122963    2007.038356     -98.592074       36.694608    8319692         10
  3515122985    2008.038251     -98.634847       36.852482    4603784          1
  3515123023    2008.038251     -99.100713       36.838406     661133          0
  3511922330    2002.367123     -96.929591       36.099502    1071290          2
  3510920163    2001.038356     -97.295037       35.718851    1394840          0
  3510921577    1997.452055     -97.195179       35.678880     539839          8
  3513312083    1997.038356     -96.492808       34.912065    3188818          0
  3513320021    2012.038251     -96.641192       35.258284     728813          2
  3513320157    1996.038251     -96.647823       35.254657    2919240          2
  3504702185    2002.038356     -97.564652       36.376781     227363          0
  3511920381    2001.038356     -97.164060       35.968749    4744875          1
  3507123589    1998.038356     -97.333554       36.933246    1901115          0
  3507123613    2013.786301     -97.329602       36.929168     466292          2
  3513303981    1997.038356     -96.655963       35.169619     437453          0
  3503723596    1997.038356     -96.598865       36.043316    3131732          0
  3503723638    1997.038356     -96.602184       36.057793    6175690          1
  3508735850    1997.200000     -97.486604       35.093813    1211994         10
  3511723342    2011.200000     -96.768735       36.172566     269410          3
  3511723351    2010.038356     -96.685461       36.182623    1229952          3
  3511723371    2010.534247     -96.781116       36.252576     174094          1
  3511723372    2010.284932     -96.925088       36.338988     829372          2
  3511723382    2009.953425     -96.996243       36.420878     963987          0
  3511723400    2011.619178     -96.777121       36.180270     607361        656
  3511723446    2012.038251     -96.676950       36.346851     189551        308
  3511723449    2012.786885     -96.701317       36.325960      66288          1
  3511723458    2012.786885     -96.969665       36.354980     315549          1
  3511723470    2012.704918     -96.833876       36.377607     421500          0
  3511723481    2013.038356     -96.570850       36.189891     296269          0
  3511723499    2013.284932     -97.002360       36.223895     216529          4
  3511723526    2013.619178     -96.743760       36.173120      87966          2
  3501120060    2010.367123     -98.434256       35.904161     543393         62
  3501120143    2005.284932     -98.370485       35.859349     705133          8
  3501120170    2011.038356     -98.353249       35.765063     344040         10
  3501120334    2005.786301     -98.486117       35.881104     269789          8
  3501120434    2004.535519     -98.465452       35.918660     868508         63
  3501120950    1999.284932     -98.516702       35.951265     586219          7
  3504320585    2012.202186     -98.751836       36.122935     139737          4
  3504322343    2006.871233     -99.244487       36.136716    7524340         11
  3504322345    1997.038356     -99.242252       36.142154    2135849          8
  3504322401    1997.452055     -98.934449       36.147928    1017120          8
  3504322497    2012.122951     -98.769661       35.949490     362900         10
  3504322572    1997.038356     -99.189274       36.079271   22559394          7
  3504322789    2012.038251     -99.323610       35.918720    1268263          0
  3504322932    2012.038251     -98.670792       35.882639     407011          6
  3504322934    2012.038251     -98.614060       35.890750     844080          8
  3504323214    2013.038356     -99.357910       35.834220     582534          0
  3501920568    2005.786301     -97.512772       34.229848    1195130          3
  3501920571    1998.038356     -97.522595       34.225313    1898115          3
  3501920572    1998.704110     -97.517138       34.226221    1804893         59
  3510540886    2013.038356     -95.471063       36.992657     161645          0
  3501907661    2006.038356     -97.495311       34.456564     463107          2
  3501908570    2005.452055     -97.499668       34.217189     723388          4
  3501908574    1997.953425     -97.504032       34.202681    5659781          4
  3512521864    2008.953552     -96.782706       35.035754     434613          0
  3512521872    1999.038356     -96.870886       35.086607    2049309          0
  3512521974    2000.286885     -96.783359       35.372245     681569          2
  3512521987    1997.038356     -96.813569       35.064807    4558598          0
  3512522135    1997.200000     -96.798137       35.042122    4200655          0
  3506320286    2006.619178     -96.147229       35.201952     261413          2
  3510922305    2010.038356     -97.638552       35.520348     444796          0
  3510922351    2012.038251     -97.248100       35.653290     804897          0
  3510935453    1997.452055     -97.493940       35.439481    1160879          0
  3510935632    2013.038356     -97.503360       35.459860     395739          0
  3510935633    2009.200000     -97.502809       35.459407    2261283          0
  3510935998    2011.200000     -97.488410       35.502033     200960          6
  3510936289    2006.953425     -97.485082       35.470305    2359092          0
  3510937654    2003.367123     -97.476214       35.458082    1437984          0
  3510937682    1997.038356     -97.473998       35.461256    4794839          0
  3510938190    2011.452055     -97.622253       35.686850     365344          3
  3505300208    2007.123288     -97.522857       36.644706    1841832          0
  3505301035    2011.284932     -97.689583       36.672153     486974          6
  3508700069    1997.871233     -97.522960       34.962314    1404923         10
  3513901863    2002.871233    -101.936617       36.983775    1562223          0
  3513920265    2007.704110    -101.094363       36.942213     313533          0
  3504920197    2006.038356     -97.189223       34.672878     381521         34
  3504920608    2011.786301     -97.066301       34.698025     464054         37
  3504920689    1998.038356     -97.176029       34.553172    1423281         11
  3504920702    1998.038356     -97.173837       34.554986    1199331         30
  3510722091    2012.038251     -96.380583       35.408827    1531144          4
  3510922303    2012.038251     -97.640768       35.494965     160056          0
  3512322927    2007.200000     -96.769716       34.891875     630067         13
  3513321219    1997.038356     -96.638325       35.104347    1894902          0
  3513321297    1999.367123     -96.752970       35.183160    2325658          3
  3513321359    2013.200000     -96.749099       35.195650     111936          0
  3513321426    1999.038356     -96.735081       35.266398    2713994          0
  3513321485    2004.038251     -96.715494       35.196790    2577835          0
  3500322426    2013.123288     -98.155109       36.760620     457657          0
  3500322489    2013.038356     -98.485140       36.740120     467068          0
  3500322523    2013.038356     -98.323600       36.652750     638535          0
  3500700541    2001.038356    -100.393200       36.900082     879458          6
  3500720493    2012.704918    -100.665978       36.552586     160737          0
  3500720758    1997.038356    -100.411833       36.940868    1143917         52
  3504724338    2003.038356     -97.575851       36.378628   10687536          0
  3514726317    2004.202186     -95.984266       36.955399    1045242          1
  3513924447    2010.367123    -101.612004       36.890714     201603         14
  3513924494    2012.038251    -101.674220       36.930170     542769         13
  3513924503    2012.786885    -101.606722       36.986722     178623          8
  3513924525    2013.786301    -101.837049       36.984937      48387          2
  3513935072    2001.619178    -101.643130       36.836647     800439         14
  3512502127    1999.038356     -96.899539       35.079370    2603634          0
  3512502129    1998.123288     -96.795938       35.126437     787490          0
  3512521370    1999.452055     -96.870872       34.965122     380092          0
  3512523447    2000.038251     -96.683377       35.417879    6624985          2
  3512921972    2010.038356     -99.984033       35.642100    1173008          6
  3509920066    2005.038356     -97.072175       34.503400    1071991         27
  3509920071    1997.038356     -97.082295       34.552628   11866239          7
  3509920400    2005.786301     -97.043718       34.492522    1354688         10
  3505120403    2003.038356     -98.025081       35.089318     613478          6
  3505120405    2002.953425     -98.034452       35.060306     447725         11
  3505120486    2004.038251     -97.956748       35.127457     628140         11
  3505121270    1998.871233     -97.689763       34.721653     892199         30
  3505121370    1997.786301     -97.927076       34.707294     998584         10
  3502920060    2007.038356     -96.301247       34.495401    2315451         13
  3508123103    1999.038356     -96.943889       35.769046     793202          0
  3508123142    1995.038356     -96.949979       35.806650    3482296          0
  3508123202    1995.038356     -96.961662       35.798944    1567901          0
  3508123291    1996.286885     -97.033847       35.815166    2480190          1
  3508123344    2004.202186     -97.006622       35.834685    1762561          0
  3508123361    1997.038356     -97.052168       35.808790    3333954          1
  3508123398    1999.038356     -97.037147       35.802899     598968          0
  3508123401    1998.871233     -97.118229       35.787341    1230613          3
  3508123432    1998.038356     -97.107660       35.773744    3259249          2
  3508123433    2000.038251     -97.077691       35.823681    1648565          2
  3508123435    1999.038356     -97.032173       35.790237    3372604          1
  3501130271    1997.038356     -98.232618       36.122462    1474948         12
  3501300214    2007.200000     -96.558953       34.086201     313011          6
  3501520306    2005.123288     -98.113086       34.957187    3054417          5
  3501520436    1997.038356     -98.295032       35.296540     884098         34
  3501520497    1995.871233     -98.259686       35.285620    1061770         34
  3501520643    2002.452055     -98.222131       35.318205     441212         66
  3505322796    2011.452055     -97.992708       36.861949     132975          0
  3505322799    2011.452055     -97.403140       36.520520     105468          0
  3505322815    2013.038356     -98.084310       36.949314     318947          0
  3505322816    2011.038356     -98.075778       36.948806     336585          0
  3505322820    2011.452055     -97.730472       36.780778     393023          1
  3505322824    2011.452055     -98.108111       36.797889     203538          2
  3505322835    2013.038356     -97.921942       36.991920     365741          0
  3505322836    2011.704110     -98.028719       36.745873     137829          0
  3505322844    2011.704110     -97.804320       36.768010     415735          1
  3505322892    2013.038356     -97.902851       36.745666      34229          0
  3505322901    2013.038356     -98.064637       36.687838      27666          0
  3505322904    2012.038251     -97.714380       36.601487     616890          3
  3505322923    2013.619178     -98.046799       36.818492     121116          0
  3505322926    2013.038356     -97.741184       36.905063     365347          2
  3505322928    2012.453552     -97.955306       36.781167     192997          0
  3505322933    2013.367123     -97.759102       36.774472     132884          3
  3505322940    2012.786885     -98.038830       36.797011     114275          0
  3515123533    2012.038251     -98.621540       36.659597    1520461          0
  3515123534    2012.038251     -98.603630       36.732196    1362324          0
  3515123536    2012.535519     -98.908375       36.906220     249337       3030
  3515123549    2012.038251     -98.979905       36.920841     574536          0
  3515123554    2013.038356     -98.836559       36.935316     398863        246
  3515123566    2013.038356     -98.657002       36.833737     174531        330
  3515123599    2013.038356     -98.618804       36.964812     156175          0
  3515123613    2012.038251     -98.650270       36.883690    1086968          0
  3515123639    2013.038356     -98.746723       36.862747     488295          0
  3514921283    2007.786301     -99.223447       35.291465    1031983         10
  3515123146    2009.038356     -99.081018       36.869239     432309          0
  3515123530    2013.284932     -98.904139       36.845694     351112          0
  3515123675    2013.038356     -98.657002       36.833737     201757          0
  3505323115    2013.123288     -97.828170       36.845309     175975        742
  3505323155    2013.038356     -97.543498       36.847029     123995          0
  3505323252    2013.619178     -97.491164       36.423211      66942          0
  3505920444    2008.038251     -99.308822       36.598112    1098368          9
  3505921327    2010.704110     -99.950990       36.710952     466624         51
  3505921372    2008.038251     -99.311638       36.626662    1074872          9
  3505921541    2003.038356     -99.323475       36.608130    1476969         10
  3507102303    2011.038356     -96.950079       36.849835    1800558          0
  3505321877    1997.704110     -97.896879       36.702970    3179035          2
  3505322073    2012.786885     -97.993763       36.753608     125593          0
  3505322209    2003.038356     -97.493589       36.816822    1737010          2
  3513324515    2005.953425     -96.690343       35.369321    4344872          2
  3513324535    2006.038356     -96.732327       35.356603    1865256          2
  3513324555    2006.038356     -96.663843       35.300436     699099          2
  3513324609    2008.704918     -96.648377       35.265990     960430          0
  3513324660    2008.038251     -96.722959       35.377921    2208452          1
  3513324692    2008.038251     -96.618547       35.375688    4295128          3
  3513324716    2008.786885     -96.669921       35.283663     846403          0
  3513324718    2010.619178     -96.616305       35.160556     121268          1
  3513324751    2009.038356     -96.759926       35.391924     374476          2
  3506300829    2004.202186     -96.146109       34.907305     365936          5
  3506301206    2008.453552     -96.252064       35.229317    1242807          0
  3513921898    2007.534247    -101.623978       36.823072     198382          2
  3513922016    1998.123288    -101.627806       36.858069     807672         12
  3513922687    1998.452055    -101.599594       36.904310     451784          0
  3513300956    1999.534247     -96.649367       35.160556     250885          0
  3513324255    1999.704110     -96.643412       35.352568    5653269          3
  3513324261    2000.535519     -96.517495       35.403292    1048676         16
  3513324281    2000.038251     -96.663295       35.341685    4702136          2
  3512320219    2010.619178     -96.519498       34.863352     534862          6
  3512320346    2001.704110     -96.828003       34.876361    1690007          3
  3512320354    2007.200000     -96.618396       34.608306    1370337         15
  3512320360    2012.038251     -96.857698       34.855476     475308          5
  3508123707    2001.953425     -97.001055       35.723184    3432655          0
  3508123725    2002.786301     -97.053803       35.875841    1653525          0
  3508123785    2013.786301     -97.074910       35.852236      72578          0
  3508123786    2005.038356     -96.839506       35.753682   10985386          6
  3508123832    2006.200000     -96.990506       35.655673    3239660          0
  3508123837    2006.038356     -96.929430       35.769047    8031895          4
  3508123845    2006.038356     -97.016594       35.621653    7962946         11
  3508123856    2007.284932     -96.821726       35.697477     495500          0
  3508123857    2006.038356     -96.963322       35.766762    5451006          6
  3508123875    2012.038251     -96.645487       35.478642     158548          1
  3508123879    2006.038356     -96.949979       35.810276    2483618         10
  3501723998    2008.038251     -97.682674       35.668272     967996          0
  3501724252    2011.871233     -98.266917       35.640104     757684         14
  3501724301    2012.038251     -98.075731       35.673602     280756          2
  3501724304    2012.038251     -98.223919       35.602691     790592         11
  3501724308    2013.123288     -98.088292       35.478611     119090          4
  3501724326    2013.038356     -98.250301       35.668832     387856          8
  3501900005    2013.038356     -97.413590       34.151022     133945          9
  3501900903    2008.202186     -97.514968       34.422073    1378479          7
  3503730210    2006.038356     -96.558740       35.975379    1049096          0
  3503735796    1995.038356     -96.604417       36.063232    4193115          0
  3512922565    2012.038251     -99.867546       35.429398     201093          8
  3512923527    2012.038251     -99.924040       35.733120    1161021          6
  3512923550    2013.038356     -99.910210       35.428850     125907          0
  3511923642    2003.704110     -97.141736       36.001414    2484481          1
  3511923669    2007.284932     -96.898324       36.050548     219776          2
  3511923684    2004.122951     -97.123870       35.943432    4650182          0
  3511923700    2005.038356     -97.172980       35.957870    1935854        378
  3501923324    2012.202186     -97.527514       34.396646     356979          0
  3502920208    2010.038356     -96.347681       34.623555     494566         10
  3501924427    1997.452055     -97.558663       34.443754    1005510          0
  3501924583    1999.452055     -97.466391       34.449829    2261497         11
  3501924839    2008.286885     -97.502940       34.203588     693995          0
  3501925025    2010.953425     -97.360995       34.163892     243388          8
  3513720744    2005.123288     -97.619150       34.423624     486328          0
  3513324484    2005.038356     -96.708015       35.334859    2641753          4
  3513324785    2009.038356     -96.617472       35.350301    4333097          3
  3512323571    2010.200000     -96.801058       34.868711     437783          0
  3512323573    2008.535519     -96.482659       34.906835     980823         17
  3512323707    2011.953425     -96.614910       34.616990     221547         12
  3512323744    2011.871233    -100.626417       34.861083     258136          0
  3512330180    2007.534247     -96.488161       34.899128     965051          0
  3512522779    1997.038356     -96.901745       35.084810    5811745          0
  3512523150    2012.704918     -96.839090       35.227090      91911          0
  3512523328    2000.202186     -97.008114       35.310229     267826          8
  3509321439    2009.284932     -98.499996       36.306182     303936          5
  3509321674    2005.367123     -98.746747       36.222131     510562          8
  3509321739    2000.704918     -98.182196       36.291148    1186428          4
  3509322561    2001.038356     -98.704784       36.332364     512882          4
  3509322862    2005.200000     -98.474020       36.225927     722491         64
  3509323662    2000.038251     -98.194502       36.290294    1076698          6
  3509323734    2004.038251     -98.192270       36.281176    1943525          8
  3509323810    2001.038356     -98.183316       36.297493    1345111          4
  3509323841    2004.368852     -98.166631       36.236236     710224          3
  3509323849    2006.038356     -98.769685       36.413824     818246         34
  3507324587    2009.038356     -97.949527       35.798154     743669          7
  3507324596    2008.368852     -97.937286       35.811757     431914         11
  3507324630    2009.200000     -98.111066       35.942580     471671         15
  3507324764    2013.123288     -97.709472       36.116611     211565       9187
  3507335594    2013.619178     -97.927238       36.012565     292653          3
  3507335913    1997.534247     -97.891590       36.117721     767186         30
  3509121385    2006.452055     -95.890531       35.264705    1964880          5
  3510323933    2006.038356     -97.283766       36.585964    2298636          0
  3503728759    2009.038356     -96.617252       36.052353    1486076          0
  3503736202    2011.038356     -96.597746       36.027000     550080          4
  3504323243    2013.284932     -99.029700       35.827670     137002          3
  3504724403    2011.534247     -98.086148       36.474556      77985          1
  3506323797    2007.452055     -96.164845       34.917284     389070          8
  3506323812    2008.038251     -96.249720       35.001592     918563          2
  3506323988    2012.704918     -96.043628       35.186901     109029          0
  3506324068    2009.038356     -96.267974       34.847244    1253856          9
  3506324159    2008.871585     -96.307023       34.900017    1100459          3
  3506324315    2011.038356     -96.177528       34.944033     699490         13
  3506324350    2011.038356     -96.252043       34.789227    1403513         13
  3506324359    2010.953425     -96.164845       34.917284    1078993         21
  3513714117    2012.202186     -98.088136       34.529453     875053          1
  3508101877    2001.871233     -96.972189       35.715979    1011106          3
