#mody yyyy time (s after 1970/1/1)  Vol (cumul, m^3)
05 24 2004 1085349600 14
05 25 2004 1085436000 75
05 26 2004 1085522400 167
05 27 2004 1085608800 220
06 01 2004 1086040800 234
06 02 2004 1086127200 275
06 03 2004 1086213600 355.4
06 04 2004 1086300000 463
06 14 2004 1087164000 465.41
06 15 2004 1087250400 622.72
06 15 2004 1087250400 684.5
06 16 2004 1087336800 898.64
06 16 2004 1087336800 966.6
06 17 2004 1087423200 1018.3
06 18 2004 1087509600 1237.8
06 21 2004 1087768800 2051.65
06 22 2004 1087855200 2384.37
06 23 2004 1087941600 2601.4
06 24 2004 1088028000 2960
06 25 2004 1088114400 3158.8
06 28 2004 1088373600 4013.8
06 28 2004 1088373600 4093.7
07 01 2004 1088632800 4848
07 01 2004 1088632800 4938.
07 02 2004 1088719200 0
07 05 2004 1088978400 0
07 06 2004 1089064800 0
07 06 2004 1089064800 0
07 07 2004 1089151200 0
07 07 2004 1089151200 0
07 08 2004 1089237600 0
07 09 2004 1089324000 0
07 09 2004 1089324000 6868
07 12 2004 1089583200 7640.3
07 14 2004 1089756000 8242.7
07 16 2004 1089928800 8814
07 17 2004 1090015200 0
07 19 2004 1090188000 0
07 20 2004 1090274400 0
07 21 2004 1090360800 9628.5
07 23 2004 1090533600 0
07 24 2004 1090620000 0
07 26 2004 1090792800 10162.5
07 29 2004 1091052000 0
07 31 2004 1091224800 0
07 31 2004 1091224800 0
08 02 2004 1091397600 0
08 03 2004 1091484000 0
08 04 2004 1091570400 0
08 04 2004 1091570400 0
08 09 2004 1092002400 11418.7
08 10 2004 1092088800 11660
08 11 2004 1092175200 11895.1
08 12 2004 1092261600 12188.3
08 13 2004 1092348000 12503.9
08 16 2004 1092607200 13431.2
08 17 2004 1092693600 13656.2
08 18 2004 1092780000 14007.5
08 19 2004 1092866400 14284.5
08 20 2004 1092952800 14525.9
08 23 2004 1093212000 15405.1
08 24 2004 1093298400 15714.9
08 25 2004 1093384800 15998.7
08 26 2004 1093471200 15998.7
08 27 2004 1093557600 16232.4
08 30 2004 1093816800 17000
08 30 2004 1093816800 17000
08 30 2004 1093816800 17000
08 31 2004 1093903200 17000
08 31 2004 1093903200 17000
08 31 2004 1093903200 17000
09 01 2004 1093989600 17000
09 01 2004 1093989600 17000
09 01 2004 1093989600 17000
09 02 2004 1094076000 17001.2
09 03 2004 1094162400 17211.6
09 08 2004 1094594400 18623
09 09 2004 1094680800 18931.4
09 10 2004 1094767200 19217.7
09 13 2004 1095026400 20121.8
09 14 2004 1095112800 20380.1
09 15 2004 1095199200 20664.3
09 16 2004 1095285600 20950.1
09 17 2004 1095372000 21237.6
09 20 2004 1095631200 22125.9
09 21 2004 1095717600 22400.2
09 22 2004 1095804000 22693.5
09 23 2004 1095890400 22983.3
09 24 2004 1095976800 23280.2
09 27 2004 1096236000 24192
09 28 2004 1096322400 24444.4
09 29 2004 1096408800 24738.3
09 30 2004 1096495200 25018.5
10 01 2004 1096581600 25311.7
10 02 2004 1096668000 25764.6
10 03 2004 1096754400 25764.6
10 04 2004 1096840800 25988.1
10 05 2004 1096927200 26288.5
10 05 2004 1096927200 26288.5
10 05 2004 1096927200 26349
10 05 2004 1096927200 26349
10 06 2004 1097013600 26529.5
10 06 2004 1097013600 26563.8
10 07 2004 1097100000 26820.1
10 07 2004 1097100000 26839.5
10 07 2004 1097100000 26851
10 07 2004 1097100000 26937
10 08 2004 1097186400 27047.4
10 08 2004 1097186400 27165.5
10 09 2004 1097272800 27270.1
10 09 2004 1097272800 27279.6
10 09 2004 1097272800 27386.1
10 11 2004 1097445600 27864
10 13 2004 1097618400 28472.3
10 14 2004 1097704800 28751.1
10 15 2004 1097791200 29017.4
10 18 2004 1098050400 29894.3
10 18 2004 1098050400 30056.9
10 19 2004 1098136800 30056.9
10 21 2004 1098309600 30637.2
10 22 2004 1098396000 30933.5
10 23 2004 1098482400 31291.7
10 24 2004 1098568800 31291.7
10 24 2004 1098568800 31317
10 26 2004 1098741600 31708
10 27 2004 1098828000 32087.2
10 28 2004 1098914400 32322
10 29 2004 1099000800 32620
10 29 2004 1099000800 32620
11 02 2004 1099350000 33752.4
11 03 2004 1099436400 34051.5
11 04 2004 1099522800 34438.2
11 05 2004 1099609200 34666.1
11 08 2004 1099868400 35552
11 09 2004 1099954800 35821.8
11 10 2004 1100041200 36082
11 11 2004 1100127600 36455
11 15 2004 1100473200 37535.4
11 16 2004 1100559600 37822.1
11 17 2004 1100646000 38109.1
11 18 2004 1100732400 38428
11 19 2004 1100818800 38703.3
11 22 2004 1101078000 39567
11 23 2004 1101164400 39924
11 24 2004 1101250800 40206.4
11 25 2004 1101337200 40446.6
11 26 2004 1101423600 40735.6
11 29 2004 1101682800 41619
11 30 2004 1101769200 41879.5
12 01 2004 1101855600 42236
12 03 2004 1102028400 42781.2
12 06 2004 1102287600 43629.5
12 07 2004 1102374000 43930.6
12 08 2004 1102460400 44252.6
12 09 2004 1102546800 44501.4
12 13 2004 1102892400 45645.6
12 14 2004 1102978800 45935.6
12 15 2004 1103065200 46228.3
12 16 2004 1103151600 46522
12 17 2004 1103238000 46837
12 21 2004 1103583600 47982.5
12 22 2004 1103670000 48265.5
12 23 2004 1103756400 48634.5
12 24 2004 1103842800 48924.8
12 27 2004 1104102000 49745.2
12 29 2004 1104274800 50294.4
12 31 2004 1104447600 50965.8
01 03 2005 1104706800 51768.5
01 04 2005 1104793200 52172
01 11 2005 1105398000 54158.5
01 13 2005 1105570800 54729
01 14 2005 1105657200 55041.7
01 17 2005 1105916400 55893.5
01 19 2005 1106089200 56452.4
01 21 2005 1106262000 57039
01 24 2005 1106521200 57910.3
01 26 2005 1106694000 58492.1
01 28 2005 1106866800 59059
01 31 2005 1107126000 59848.4
02 01 2005 1107212400 60176.5
02 02 2005 1107298800 60422.6
02 03 2005 1107385200 60777.5
02 04 2005 1107471600 61031.9
02 08 2005 1107817200 62199.5
02 10 2005 1107990000 62816.3
02 14 2005 1108335600 63913.3
02 15 2005 1108422000 64167
02 16 2005 1108508400 64504.4
02 17 2005 1108594800 64754
02 18 2005 1108681200 65036.8
02 21 2005 1108940400 65942.1
02 22 2005 1109026800 66261.7
02 24 2005 1109199600 66843.4
02 28 2005 1109545200 67958.5
03 01 2005 1109631600 68252.2
03 04 2005 1109890800 69118.2
03 07 2005 1110150000 69933
03 08 2005 1110236400 70230.3
03 09 2005 1110322800 70529.4
03 10 2005 1110409200 70795.9
03 11 2005 1110495600 71094.3
03 15 2005 1110841200 72248.3
03 16 2005 1110927600 72532.9
03 17 2005 1111014000 72826.6
03 18 2005 1111100400 73172.1
03 21 2005 1111359600 73998.8
03 22 2005 1111446000 74270.1
03 23 2005 1111532400 74573.7
03 24 2005 1111618800 74859.4
03 29 2005 1112047200 76303
03 30 2005 1112133600 76522.6
03 31 2005 1112220000 76822.2
04 01 2005 1112306400 77098.2
04 04 2005 1112565600 77966.4
04 05 2005 1112652000 78262.7
04 06 2005 1112738400 78557.4
04 07 2005 1112824800 78834.6
04 08 2005 1112911200 79121.6
04 11 2005 1113170400 79999.1
04 12 2005 1113256800 80288
04 13 2005 1113343200 80564.3
04 14 2005 1113429600 80849.3
04 15 2005 1113516000 81143.8
04 16 2005 1113602400 81590.9
04 19 2005 1113861600 81590.8
04 20 2005 1113948000 81808.6
04 21 2005 1114034400 82092
04 22 2005 1114120800 82371.1
04 25 2005 1114380000 83255.4
04 26 2005 1114466400 83622
04 27 2005 1114552800 83832.3
04 28 2005 1114639200 84119
04 28 2005 1114639200 84146.4
04 28 2005 1114639200 84278.2
04 29 2005 1114725600 84343.3
04 29 2005 1114725600 84379.5
04 29 2005 1114725600 0
04 29 2005 1114725600 0
04 29 2005 1114725600 0
04 30 2005 1114812000 0
05 02 2005 1114984800 0
05 03 2005 1115071200 0
05 04 2005 1115157600 0
05 06 2005 1115330400 0
05 09 2005 1115589600 0
05 10 2005 1115676000 0
05 11 2005 1115762400 0
05 12 2005 1115848800 0
05 13 2005 1115935200 0
05 17 2005 1116280800 0
05 18 2005 1116367200 0
05 23 2005 1116799200 0
05 24 2005 1116885600 0
05 25 2005 1116972000 0
05 25 2005 1116972000 0
05 25 2005 1116972000 0
05 25 2005 1116972000 0
05 26 2005 1117058400 0
05 26 2005 1117058400 0
05 27 2005 1117144800 0
05 27 2005 1117144800 0
05 28 2005 1117231200 0
05 28 2005 1117231200 0
05 29 2005 1117317600 0
05 29 2005 1117317600 0
05 30 2005 1117404000 0
05 31 2005 1117490400 0
06 01 2005 1117576800 0
06 01 2005 1117576800 0
06 02 2005 1117663200 0
06 02 2005 1117663200 0
06 03 2005 1117749600 0
06 03 2005 1117749600 0
06 06 2005 1118008800 0
06 07 2005 1118095200 0
06 07 2005 1118095200 0
06 08 2005 1118181600 0