#sc after 1970/01/01 MAG
1093703250 -1.29e+00
1093806626 -2.45e+00
1093964612 -2.57e+00
1094150055 1.51e-02
1094543332 -1.72e+00
1094645601 -1.04e+00
1094841645 -8.73e-01
1094878245 -1.09e+00
1094943150 -1.19e+00
1095109789 -1.81e+00
1095541169 -2.56e+00
1095633855 -1.24e+00
1095664115 -1.99e+00
1095812892 -2.36e+00
1095853346 -2.17e+00
1095944543 -2.01e+00
1095968410 -2.25e+00
1096060456 -1.83e+00
1096065402 -1.86e+00
1096068769 -2.80e+00
1096127352 -2.39e+00
1096146347 -2.01e+00
1096166074 -2.59e+00
1096190526 -2.41e+00
1096195026 -1.62e+00
1096310422 -1.96e+00
1096473601 -2.43e+00
1096490316 -2.46e+00
1096503183 -2.10e+00
1096550771 -1.12e+00
1096574913 -1.42e+00
1096596097 -2.03e+00
1096602811 -1.95e+00
1096607599 -2.16e+00
1096609800 -9.74e-01
1096613336 -2.54e+00
1096643472 -2.59e+00
1096644249 -2.21e+00
1096648581 -1.73e+00
1096655602 -1.72e+00
1096658557 -9.75e-01
1096665744 -2.05e+00
1096720973 -2.22e+00
1096723122 -2.08e+00
1096726709 -2.31e+00
1096748728 -2.23e+00
1096832503 -1.94e+00
1096854550 -1.72e+00
1096863196 -1.57e+00
1096948796 -1.76e+00
1096960028 -1.66e+00
1096997620 -2.13e+00
1097020613 -2.21e+00
1097038588 -2.24e+00
1097049526 -2.27e+00
1097091344 -2.38e+00
1097133691 -2.63e+00
1097143684 -1.10e+00
1097154376 -2.20e+00
1097203960 -1.78e+00
1097285555 -1.54e+00
1097316008 -2.39e+00
1097359140 -1.24e+00
1097380170 -2.20e+00
1097418121 -1.92e+00
1097420567 -2.18e+00
1097420722 -2.52e+00
1097511430 -2.39e+00
1097516439 -2.59e+00
1097545325 -1.25e+00
1097548801 -1.35e+00
1097570281 -2.33e+00
1097596027 -2.20e+00
1097611375 -5.04e-01
1097632842 -1.98e+00
1097656401 -2.55e+00
1097674542 -2.40e+00
1097701748 -8.70e-01
1097751176 -2.46e+00
1097751328 -1.67e+00
1097753740 -2.20e+00
1097803055 -1.40e+00
1097809819 -2.22e+00
1097840250 -9.11e-01
1097876600 -1.84e+00
1097881092 -2.16e+00
1097908206 -2.05e+00
1097932893 -9.29e-01
1097934981 -1.17e+00
1097941759 -2.63e+00
1097949649 -2.04e+00
1097964194 -1.51e+00
1097969852 -2.06e+00
1097977020 -1.09e+00
1098000375 -1.37e+00
1098051208 -2.35e+00
1098083480 -1.57e+00
1098084359 -2.51e+00
1098106572 -2.30e+00
1098125550 -1.95e+00
1098171138 -2.41e+00
1098174440 -2.10e+00
1098188396 -2.31e+00
1098307890 -1.47e+00
1098364286 -1.88e+00
1098377793 -2.45e+00
1098438904 -2.32e+00
1098441429 -1.84e+00
1098462756 -2.73e+00
1098483504 -2.09e+00
1098485468 -2.34e+00
1098514557 -2.67e+00
1098519915 -2.73e+00
1098535455 -1.98e+00
1098538713 -2.11e+00
1098584140 -2.58e+00
1098859485 -1.79e+00
1098932125 -1.58e+00
1098992668 -2.29e+00
1098994808 -1.71e+00
1099079351 -1.21e+00
1099138020 -1.75e+00
1099170699 -1.62e+00
1099170987 -1.85e+00
1099187835 -1.85e+00
1099194060 -1.58e+00
1099283641 -1.67e+00
1099317098 -2.02e+00
1099320423 -2.03e+00
1099335428 -2.48e+00
1099342860 -1.49e+00
1099419585 -5.62e-01
1099420510 -6.81e-01
1099468973 -2.22e+00
1099495434 -1.71e+00
1099549087 -2.30e+00
1099550525 -1.92e+00
1099560435 -1.12e+00
1099590853 -2.17e+00
1099628340 -1.81e+00
1099647090 -3.55e-01
1099671780 -6.96e-01
1099678983 -1.51e+00
1099690365 -2.33e+00
1099710443 -1.38e+00
1099728900 -4.78e-01
1099767110 -2.35e+00
1099806450 -1.17e+00
1099878725 -2.06e+00
1100016656 -1.99e+00
1100020119 -1.94e+00
1100040105 -1.19e+00
1100075878 -2.14e+00
1100099325 -1.76e+00
1100132741 -2.21e+00
1100170918 -2.30e+00
1100219520 -1.29e-01
1100223610 -2.51e+00
1100285400 -1.33e+00
1100299922 -2.31e+00
1100361218 -1.99e+00
1100362266 -1.52e+00
1100364893 -1.71e+00
1100371790 -2.22e+00
1100380225 -1.99e+00
1100384812 -1.83e+00
1100394251 -2.15e+00
1100396962 -1.88e+00
1100437781 -1.17e+00
1100451090 -4.53e-01
1100484078 -2.12e+00
1100538941 -1.66e+00
1100566651 -2.02e+00
1100585567 -1.68e+00
1100588719 -8.09e-01
1100597251 -2.24e+00
1100628332 -2.20e+00
1100661556 -1.76e+00
1100671842 -2.08e+00
1100682965 -2.08e+00
1100687678 -1.31e+00
1100692337 -2.43e+00
1100703368 -2.20e+00
1100745552 -1.91e+00
1100746711 -1.56e+00
1100760082 -1.03e+00
1100784272 -2.08e+00
1100785049 -1.30e+00
1100836905 -6.27e-01
1100872471 -2.08e+00
1100873406 -2.00e+00
1100888935 -1.68e+00
1100921784 -1.13e+00
1100933850 -1.18e+00
1100949497 -1.80e+00
1100980850 -1.83e+00
1100983087 -2.48e-01
1100985676 -1.55e+00
1100998264 -1.82e+00
1101015360 -9.80e-01
1101025790 -2.25e+00
1101026910 -1.28e+00
1101029964 -1.53e+00
1101040014 -1.74e+00
1101052357 -1.70e+00
1101062941 -2.10e+00
1101098090 -2.39e+00
1101169680 -1.11e+00
1101169935 -1.02e+00
1101193080 -2.52e+00
1101236383 -1.98e+00
1101259770 1.43e-01
1101273210 -1.70e+00
1101325188 -2.28e+00
1101333907 -2.16e+00
1101354626 -1.69e+00
1101391553 -2.02e+00
1101398874 -2.11e+00
1101426229 -2.27e+00
1101462440 -2.31e+00
1101467012 -1.37e+00
1101467853 -1.96e+00
1101482224 -2.44e+00
1101516828 -2.83e+00
1101537959 -2.27e+00
1101557666 -1.41e+00
1101560103 -3.01e+00
1101561564 -2.38e+00
1101586123 -2.77e+00
1101586183 -2.76e+00
1101598676 -2.03e+00
1101608640 -3.02e+00
1101618308 -2.47e+00
1101619817 -9.26e-01
1101651750 -2.45e+00
1101672826 -2.77e+00
1101679679 -2.99e+00
1101693060 -1.36e+00
1101764735 -3.08e+00
1101793522 -2.79e+00
1101825041 -1.88e+00
1102633850 -2.63e+00
1102636010 -2.53e+00
1102644344 -2.54e+00
1102648635 -2.93e+00
1102649046 -2.39e+00
1102659336 -2.98e+00
1102660513 -2.43e+00
1102668069 -2.72e+00
1102670157 -2.57e+00
1102689659 -3.13e+00
1102689979 -3.18e+00
1102690481 -2.34e+00
1102693531 -2.35e+00
1102714468 -2.80e+00
1102726589 -2.29e+00
1102739612 -2.38e+00
1102743539 -2.33e+00
1102746195 -8.11e-01
1102748404 -1.99e+00
1102750783 -2.53e+00
1102763944 -1.70e+00
1102779123 -2.04e+00
1102785905 -1.24e+00
1102786318 -2.01e+00
1102794483 -1.05e+00
1102804401 -1.08e+00
1102804453 -7.17e-01
1102813218 -1.65e+00
1102814266 -9.83e-01
1102814656 -1.50e+00
1102834480 -1.92e+00
1102860908 -2.39e+00
1102863307 -1.50e+00
1102868808 -2.00e+00
1102873055 -2.27e+00
1102875039 -1.93e+00
1102876557 -1.18e+00
1102891094 -1.30e+00
1102891097 -1.74e+00
1102891143 -1.26e+00
1102906275 -1.41e+00
1102925027 -1.53e+00
1102931213 -8.30e-01
1102935075 -1.81e+00
1102935365 -1.75e+00
1102946601 -1.27e+00
1102965451 -2.64e-01
1102975580 -1.04e+00
1103060939 -3.63e-01
1103076989 -1.31e+00
1103094972 -1.48e+00
1103102717 -9.58e-01
1103116315 -1.52e+00
1103124715 -3.84e-01
1103133836 -1.68e+00
1103138055 -1.17e+00
1103146351 -2.58e+00
1103148746 -2.15e+00
1103154693 -2.02e+00
1103158980 -1.30e+00
1103160201 -2.01e+00
1103169900 -1.44e+00
1103211878 -1.38e+00
1103220214 -1.26e+00
1103223983 -1.95e+00
1103226570 -1.85e+00
1103235699 -2.30e+00
1103240385 -1.99e+00
1103242610 -1.52e+00
1103255499 -2.57e+00
1103268058 -2.54e+00
1103270572 -2.50e+00
1103271809 -2.91e+00
1103322181 -2.70e+00
1103328683 -1.98e+00
1103331268 -2.47e+00
1103346685 -3.12e+00
1103368641 -1.87e+00
1103373491 -3.02e+00
1103413081 -3.02e+00
1103418507 -2.65e+00
1103422330 -2.99e+00
1103424150 -1.74e+00
1103425680 -2.04e+00
1103430940 -2.35e+00
1103435892 -1.43e+00
1103438293 -1.79e+00
1103438887 -2.22e+00
1103462821 -2.61e+00
1103464695 -2.38e+00
1103477875 -2.35e+00
1103485479 -2.15e+00
1103492096 -2.89e+00
1103496618 -2.15e+00
1103510362 -2.53e+00
1103539192 -2.26e+00
1103547315 -8.51e-01
1103551756 -2.79e+00
1103553487 -2.72e+00
1103553910 -2.69e+00
1103555325 -2.53e+00
1103559105 -1.49e+00
1103566723 -1.49e+00
1103575729 -2.22e+00
1103579817 -2.46e+00
1103585729 -2.28e+00
1103589345 -1.00e+00
1103596457 -2.58e+00
1103607717 -2.07e+00
1103608884 -2.65e+00
1103609221 -3.34e+00
1103612800 -3.02e+00
1103613380 -3.09e+00
1104975087 -2.55e+00
1104975146 -2.60e+00
1104975155 -2.06e+00
1104988821 -2.37e+00
1105010521 -2.45e+00
1105020380 -2.07e+00
1105021635 -2.31e+00
1105023175 -1.48e+00
1105028642 -2.28e+00
1105033440 -2.06e+00
1105040285 -1.60e+00
1105041947 -2.09e+00
1105048274 -1.87e+00
1105048611 -1.75e+00
1105075822 -2.05e+00
1105089474 -1.56e+00
1105114259 -1.97e+00
1105114261 -2.28e+00
1105118625 -1.47e+00
1105122776 -3.15e+00
1105138967 -2.64e+00
1105146947 -2.99e+00
1105201379 -2.38e+00
1105207454 -2.85e+00
1105225442 -1.55e+00
1105241446 -3.17e+00
1105243268 -3.01e+00
1105244796 -3.07e+00
1105245670 -2.24e+00
1105249908 -3.15e+00
1105253495 -3.03e+00
1105275865 -3.06e+00
1105278885 -2.55e+00
1105280780 -2.48e+00
1105285904 -2.48e+00
1105286609 -2.58e+00
1105287966 -2.44e+00
1105293661 -2.30e+00
1105295962 -3.38e+00
1105310108 -3.37e+00
1105310520 -2.68e+00
1105315913 -1.07e+00
1105326630 -1.54e+00
1105341976 -1.35e+00
1105354941 -1.89e+00
1105399524 -2.13e+00
1105399526 -2.21e+00
1105400541 -7.47e-01
1105405531 -7.47e-01
1105410067 -7.22e-01
1105415593 -7.22e-01
1105420240 -7.83e-01
1105435163 -7.92e-01
1105437748 -2.09e+00
1105445999 -2.62e+00
1105449927 -1.36e+00
1105450823 -3.07e+00
1105452089 -2.59e+00
1105458322 -2.82e+00
1105661783 -2.47e+00
1105664628 -2.60e+00
1105664634 -2.75e+00
1105670863 -2.87e+00
1105674690 -2.46e+00
1105708008 -2.62e+00
1105736960 -2.44e+00
1105744749 -2.47e+00
1105747843 -2.96e+00
1105748172 -2.76e+00
1105748266 -2.41e+00
1105748267 -2.84e+00
1105761291 -2.33e+00
1105761292 -2.89e+00
1105765551 -1.69e+00
1105774790 -1.77e+00
1105797844 -2.42e+00
1105798624 -3.09e+00
1105798804 -2.84e+00
1105799139 -2.61e+00
1105800989 -2.90e+00
1105801401 -2.42e+00
1105802704 -3.14e+00
1105807291 -2.42e+00
1105810800 -2.81e+00
1105819718 -1.81e+00
1105820301 -2.60e+00
1105821041 -2.73e+00
1105823888 -3.01e+00
1105825218 -2.80e+00
1105826551 -2.28e+00
1105839157 -2.53e+00
1105842770 -2.65e+00
1105844506 -2.56e+00
1105845993 -1.51e+00
1105850775 -2.04e+00
1105861279 -1.99e+00
1105877046 -2.89e+00
1105880518 -2.58e+00
1105880585 -2.40e+00
1105889457 -2.67e+00
1105890448 -2.27e+00
1105908928 -3.18e+00
1105921372 -2.41e+00
1105932698 -2.36e+00
1105941712 -2.85e+00
1105958726 -2.74e+00
1105964111 -3.03e+00
1105973743 -2.63e+00
1105983069 -2.75e+00
1105990609 -2.70e+00
1105990643 -2.99e+00
1106016358 -3.04e+00
1106021875 -2.74e+00
1106022999 -2.58e+00
1106040254 -2.58e+00
1106093789 -3.08e+00
1106137511 -2.38e+00
1106137802 -2.03e+00
1106220297 -2.47e+00
1106250473 -2.96e+00
1106532492 -2.64e+00
1106543874 -2.46e+00
1106544602 -2.63e+00
1106549174 -2.54e+00
1106552254 -2.18e+00
1106563554 -2.44e+00
1106566422 -3.02e+00
1106571150 -1.07e+00
1106583021 -3.00e+00
1106596328 -2.79e+00
1106601771 -2.61e+00
1106603770 -2.64e+00
1106604327 -2.41e+00
1106624177 -2.64e+00
1106631666 -2.54e+00
1106635847 -2.88e+00
1106643607 -1.92e+00
1106646338 -2.40e+00
1106652146 -2.11e+00
1106653869 -1.56e+00
1106675549 -2.91e+00
1106677944 -2.03e+00
1106683686 -2.34e+00
1106689819 -2.32e+00
1106689821 -2.12e+00
1106690132 -2.38e+00
1106694039 -2.72e+00
1106703390 -1.31e+00
1106705205 -1.19e+00
1106708050 -2.41e+00
1106708159 -2.96e+00
1106708704 -2.84e+00
1106709000 -5.51e-01
1106709000 -5.51e-01
1106709000 -5.51e-01
1106709000 -5.51e-01
1106709000 -5.51e-01
1106709000 -5.51e-01
1106709470 -2.64e+00
1106709593 -2.61e+00
1106712195 -3.22e+00
1106719449 -2.45e+00
1106732227 -1.92e+00
1106732263 -1.65e+00
1106732474 -1.85e+00
1106732965 -1.05e-01
1106732973 -1.05e-01
1106733035 -1.05e-01
1106741850 -1.43e+00
1106742814 -1.76e+00
1106744688 -2.59e+00
1106745964 -2.31e+00
1106747780 -1.24e+00
1106749413 -1.24e+00
1106750047 -1.88e+00
1106751295 -2.14e+00
1106751942 -2.69e+00
1106754601 -2.24e+00
1106754901 -2.07e+00
1106760339 -2.24e+00
1106760859 -2.01e+00
1106760860 -2.76e+00
1106765762 -2.20e+00
1106768855 -2.81e+00
1106770776 -2.91e+00
1106771512 -2.26e+00
1106771997 -2.05e+00
1106775403 -2.66e+00
1106779100 -2.22e+00
1106784274 -2.66e+00
1106794330 -1.21e+00
1106795123 -1.41e+00
1106795152 -2.07e+00
1106795321 -2.74e+00
1106798179 -2.80e+00
1106803758 -1.57e+00
1106807081 -1.57e+00
1106809588 -2.43e+00
1106811140 -2.80e+00
1106811607 -2.41e+00
1106817335 -2.52e+00
1106817429 -2.52e+00
1106817454 -2.84e+00
1106817456 -2.42e+00
1106817473 -4.47e-01
1106817990 -2.72e+00
1106818433 -2.16e+00
1106821246 -1.56e+00
1106822014 -1.58e+00
1106825734 -2.43e+00
1106825746 -1.62e+00
1106830212 -2.11e+00
1106838043 -2.57e+00
1106846251 -1.75e+00
1106849871 -1.95e+00
1106860683 -1.78e+00
1106870591 -1.38e+00
1106877832 -1.32e+00
1106881316 -1.75e+00
1106882218 -9.45e-01
1106884883 -1.74e+00
1106888496 -2.10e+00
1106889570 -2.84e+00
1106895023 -2.46e+00
1106896501 -2.40e+00
1106908870 -2.29e+00
1106909570 -1.98e+00
1106916597 -2.75e+00
1106923741 -1.48e+00
1106924063 -2.27e+00
1106933574 -2.13e+00
1106939089 -2.58e+00
1106949858 -2.49e+00
1106950119 -2.67e+00
1106952346 -2.24e+00
1106955072 -2.59e+00
1106955318 -1.66e+00
1106960963 -2.13e+00
1106968111 -2.47e+00
1106968707 -1.58e+00
1106976719 -2.77e+00
1106978654 -2.43e+00
1106994765 -2.70e+00
1107015360 -2.01e+00
1107026347 -1.42e+00
1107027653 -1.79e+00
1107030671 -1.53e+00
1107034729 -2.29e+00
1107044779 -2.35e+00
1107045214 -2.17e+00
1107047970 -1.61e+00
1107048108 -2.83e+00
1107059705 -1.58e+00
1107063931 -2.51e+00
1107072378 -2.62e+00
1107094552 -2.90e+00
1107097737 -2.90e+00
1107101059 -2.48e+00
1107107693 -2.81e+00
1107110826 -2.73e+00
1107111036 -2.50e+00
1107113550 -1.98e+00
1107119263 -2.80e+00
1107119856 -2.49e+00
1107125385 -2.27e+00
1107127309 -2.93e+00
1107130080 -1.42e+00
1107133572 -2.78e+00
1107136864 -2.37e+00
1107138744 -2.32e+00
1107139212 -2.77e+00
1107139603 -2.45e+00
1107141058 -2.55e+00
1107153948 -2.54e+00
1107154990 -2.85e+00
1107168988 -2.68e+00
1107170633 -2.93e+00
1107170738 -2.78e+00
1107171172 -2.82e+00
1107210729 -2.25e+00
1107215182 -2.68e+00
1107231076 -2.51e+00
1107244899 -2.26e+00
1107265004 -2.94e+00
1107271157 -3.04e+00
1107272927 -2.53e+00
1107306327 -2.41e+00
1107307163 -2.81e+00
1107328635 3.62e-01
1107328635 3.62e-01
1107328635 3.62e-01
1107329078 -2.38e+00
1107344371 -2.95e+00
1107344770 -2.26e+00
1107351341 -2.64e+00
1107360144 -1.81e+00
1107474562 -3.03e+00
1107504975 -2.65e+00
1107534765 -1.36e+00
1107534765 -1.36e+00
1107537661 -2.91e+00
1107546683 -2.74e+00
1107563198 -2.70e+00
1107585034 -2.95e+00
1107598876 -2.84e+00
1107606388 -2.38e+00
1107618463 -2.70e+00
1107620166 -3.05e+00
1107620797 -2.73e+00
1107630669 -2.61e+00
1107631758 -2.75e+00
1107633214 -3.09e+00
1107648286 -2.71e+00
1107651908 -2.25e+00
1107653415 -2.57e+00
1107653419 -2.24e+00
1107656702 -2.67e+00
1107664436 -2.94e+00
1107666007 -2.69e+00
1107671853 -2.66e+00
1107679816 -3.15e+00
1107680723 -2.83e+00
1107681916 -2.89e+00
1107683580 -1.20e+00
1107684426 -1.77e+00
1107694454 -2.58e+00
1107694872 -2.43e+00
1107695745 -1.37e+00
1107695745 -1.37e+00
1107695867 -2.80e+00
1107698182 -2.37e+00
1107704440 -3.30e+00
1107707154 -2.22e+00
1107715982 -2.81e+00
1107722192 -2.21e+00
1107972700 -2.98e+00
1107985055 -2.78e+00
1107994024 -2.80e+00
1107999981 -1.42e+00
1108000874 -2.81e+00
1108001730 -1.22e+00
1108001730 -1.22e+00
1108002828 -1.31e+00
1108003140 -2.26e+00
1108006230 -1.25e+00
1108008536 -2.79e+00
1108019241 -2.98e+00
1108021134 -2.85e+00
1108026004 -3.00e+00
1108055311 -2.93e+00
1108058399 -2.92e+00
1108074666 -3.48e+00
1108116331 -3.48e+00
1108120683 -2.86e+00
1108120729 -2.92e+00
1108130146 -2.65e+00
1108135521 -2.76e+00
1108144875 -1.20e+00
1108150852 -1.48e+00
1108161370 -2.87e+00
1108162224 -1.21e+00
1108181168 -2.82e+00
1108184732 -2.25e+00
1108193644 -2.88e+00
1108197927 -2.21e+00
1108213303 -2.90e+00
1108213347 -3.12e+00
1108225295 -2.45e+00
1108232272 -3.18e+00
1108253753 -2.46e+00
1108269293 -2.59e+00
1108270224 -2.46e+00
1108271375 -2.40e+00
1108274727 -2.14e+00
1108280102 -2.48e+00
1108283630 -2.82e+00
1108294374 -1.87e+00
1108294391 -3.19e+00
1108329854 -2.89e+00
1108339380 -2.67e+00
1108339469 -2.97e+00
1108341042 -3.05e+00
1108341052 -3.02e+00
1108341205 -2.72e+00
1108341248 -2.93e+00
1108341592 -2.87e+00
1108343373 -2.40e+00
1108343725 -2.15e+00
1108343982 -2.72e+00
1108344239 -2.21e+00
1108344242 -2.71e+00
1108344354 -2.56e+00
1108344709 -2.87e+00
1108346487 -3.09e+00
1108346561 -3.01e+00
1108346614 -2.97e+00
1108346730 -2.79e+00
1108346763 -2.92e+00
1108346833 -3.04e+00
1108347106 -2.51e+00
1108347453 -2.38e+00
1108347506 -2.88e+00
1108349188 -2.22e+00
1108349304 -2.70e+00
1108349428 -1.11e+00
1108349757 -2.99e+00
1108350409 -3.29e+00
1108354177 -3.22e+00
1108360038 -2.28e+00
1108366499 -2.02e+00
1108377676 -1.80e+00
1108384471 -9.56e-01
1108384541 -2.63e+00
1108392409 -2.19e+00
1108392495 -3.10e+00
1108401362 -2.94e+00
1108402275 -2.81e+00
1108402406 -2.56e+00
1108403187 -1.83e+00
1108403437 -2.85e+00
1108404973 -2.95e+00
1108405012 -2.73e+00
1108406372 -3.09e+00
1108410667 -2.86e+00
1108413623 -2.17e+00
1108423960 -1.98e+00
1108451452 -2.36e+00
1108455897 -2.35e+00
1108460266 -2.47e+00
1108477269 -2.26e+00
1108477529 -2.91e+00
1108477572 -2.22e+00
1108480041 -1.67e+00
1108480047 -2.98e+00
1108480732 -1.88e+00
1108480877 -2.80e+00
1108480937 -2.38e+00
1108481188 -2.22e+00
1108485075 -2.95e+00
1108485561 -2.57e+00
1108490678 -3.17e+00
1108500863 -2.51e+00
1108518654 -2.38e+00
1108520752 -1.99e+00
1108521027 -3.00e+00
1108526482 -2.49e+00
1108533863 -2.40e+00
1108534813 -2.86e+00
1108535074 -2.95e+00
1108541244 -2.61e+00
1108552157 -3.05e+00
1108562496 -2.51e+00
1108563902 -2.91e+00
1108576433 -2.95e+00
1108604201 -2.79e+00
1108607055 -2.67e+00
1108608390 -2.80e+00
1108617018 -2.92e+00
1108618028 -2.41e+00
1108618637 -2.69e+00
1108618653 -3.12e+00
1108618667 -2.44e+00
1108619383 -2.80e+00
1108620948 -2.16e+00
1108627776 -3.09e+00
1108629818 -2.84e+00
1108630553 -1.66e+00
1108632960 -2.06e+00
1108635182 -2.06e+00
1108645811 -2.63e+00
1108654191 -2.22e+00
1108656828 -2.18e+00
1108661104 -2.59e+00
1108673822 -1.88e+00
1108674096 -2.79e+00
1108688277 -2.23e+00
1108689583 -2.47e+00
1108689598 -2.09e+00
1108692306 -2.23e+00
1108693569 -2.66e+00
1108693940 -2.66e+00
1108698514 -2.47e+00
1108702386 -2.65e+00
1108706261 -2.00e+00
1108711198 -2.29e+00
1108721706 -2.65e+00
1108733592 -2.77e+00
1108738237 -3.02e+00
1108746625 -2.19e+00
1108747621 -2.87e+00
1108749689 -2.74e+00
1108751234 -2.68e+00
1108752811 -9.68e-01
1108753770 -1.28e+00
1108754284 -1.66e+00
1108754355 -1.87e+00
1108755292 -8.88e-01
1108756413 -1.30e+00
1108759673 -2.64e+00
1108760770 -2.69e+00
1108762538 -2.03e+00
1108765999 -2.60e+00
1108769408 -2.12e+00
1108769409 -2.86e+00
1108769693 -2.22e+00
1108771066 -2.73e+00
1108774796 -2.99e+00
1108778987 -2.53e+00
1108779635 -2.75e+00
1108783998 -2.28e+00
1108785340 -2.89e+00
1108789056 -1.98e+00
1108789292 -2.50e+00
1108790575 -2.91e+00
1108791883 -3.24e+00
1108791887 -3.09e+00
1108792499 -2.18e+00
1108792967 -2.70e+00
1108793708 -2.69e+00
1108795650 -2.59e+00
1108796867 -3.46e+00
1108796890 -2.82e+00
1108797388 -2.26e+00
1108798675 -2.64e+00
1108800638 -2.62e+00
1108803502 -2.49e+00
1108804424 -2.09e+00
1108804428 -1.58e+00
1108804889 -3.09e+00
1108804913 -2.91e+00
1108804949 -2.98e+00
1108804991 -2.70e+00
1108807338 -2.56e+00
1108810418 -2.91e+00
1108815242 -1.38e+00
1108816497 -1.38e+00
1108823851 -2.92e+00
1108826387 -2.50e+00
1108826820 -1.71e+00
1108827346 -2.59e+00
1108834119 -2.94e+00
1108842638 -2.86e+00
1108845031 -1.73e+00
1108849181 -2.72e+00
1108849539 -2.80e+00
1108852289 -2.76e+00
1108854126 -2.68e+00
1108864855 -2.74e+00
1108876945 -2.94e+00
1108881317 -3.03e+00
1108882042 -2.86e+00
1108890468 -2.32e+00
1108895140 -2.74e+00
1108895595 -2.83e+00
1108897747 -2.59e+00
1108899301 -2.64e+00
1108899643 -1.59e+00
1108917837 -2.81e+00
1108918061 -2.25e+00
1108922795 -2.79e+00
1108936239 -2.97e+00
1108936890 -1.04e+00
1108943342 -2.47e+00
1108943345 -2.89e+00
1108947625 -2.43e+00
1108954409 -2.99e+00
1108960798 -3.07e+00
1108968158 -2.92e+00
1108968512 -2.98e+00
1108968961 -2.60e+00
1108969303 -2.66e+00
1108974157 -2.59e+00
1108976083 -2.77e+00
1108979629 -2.74e+00
1108979772 -2.84e+00
1108980055 -3.00e+00
1108981646 -2.64e+00
1108981925 -2.87e+00
1108982001 -2.56e+00
1108982419 -3.32e+00
1108984659 -3.10e+00
1108985586 -2.70e+00
1108985592 -2.33e+00
1108986401 -2.72e+00
1108986557 -2.92e+00
1108986650 -3.28e+00
1108986669 -2.66e+00
1108986670 -1.82e+00
1108987448 -3.00e+00
1108987871 -3.00e+00
1108989481 -3.03e+00
1108990091 -3.34e+00
1108994524 -3.01e+00
1108994536 -2.95e+00
1108994549 -2.36e+00
1108994564 -1.06e+00
1108994759 -2.88e+00
1108994770 -1.43e+00
1109001290 -1.35e+00
1109002490 -1.78e+00
1109002548 -2.86e+00
1109003633 -2.79e+00
1109008055 -2.92e+00
1109009181 -2.89e+00
1109012291 -1.99e+00
1109012292 -2.94e+00
1109014518 -2.37e+00
1109015508 -2.39e+00
1109016751 -2.43e+00
1109016760 -1.91e+00
1109017742 -2.69e+00
1109018539 -2.93e+00
1109019196 -2.77e+00
1109019296 -3.10e+00
1109019502 -1.08e+00
1109019844 -2.71e+00
1109021938 -2.71e+00
1109021948 -1.94e+00
1109023221 -2.33e+00
1109023429 -2.99e+00
1109023441 -2.07e+00
1109025130 -2.54e+00
1109026561 -2.86e+00
1109028832 -2.58e+00
1109029176 -2.58e+00
1109031935 -2.73e+00
1109032601 -2.75e+00
1109040151 -2.69e+00
1109041881 -2.60e+00
1109043843 -1.94e+00
1109044120 -2.00e+00
1109044996 -2.04e+00
1109045239 -2.37e+00
1109045954 -2.04e+00
1109047073 -2.34e+00
1109047233 -1.47e+00
1109047292 -1.24e+00
1109047806 -2.52e+00
1109049800 -2.48e+00
1109051910 -2.86e+00
1109052453 -2.92e+00
1109052857 -3.00e+00
1109053772 -3.10e+00
1109053773 -2.70e+00
1109053940 -2.35e+00
1109054190 -2.83e+00
1109054708 -2.77e+00
1109055360 -2.97e+00
1109057211 -3.07e+00
1109057289 -2.73e+00
1109061043 -9.28e-01
1109061679 5.12e-01
1109076233 -2.56e+00
1109079244 -2.20e+00
1109081632 -2.63e+00
1109082538 -6.56e-01
1109082560 -2.19e+00
1109085805 -2.22e+00
1109093167 -2.70e+00
1109094039 -2.00e+00
1109094911 -2.72e+00
1109094913 -2.68e+00
1109094919 -2.70e+00
1109097360 -1.22e+00
1109099527 -2.19e+00
1109100473 -1.24e+00
1109103863 -2.21e+00
1109110504 -1.29e+00
1109113016 -1.77e+00
1109121139 -1.41e+00
1109129534 -2.12e+00
1109139779 -2.67e+00
1109142705 -1.94e+00
1109143162 -2.71e+00
1109145492 -2.74e+00
1109145772 -2.26e+00
1109145825 -7.45e-01
1109152252 -2.85e+00
1109153017 -2.57e+00
1109155972 -2.41e+00
1109163968 -2.73e+00
1109173489 -1.71e+00
1109189948 -1.80e+00
1109197195 -2.60e+00
1109198962 -2.85e+00
1109206166 -2.39e+00
1109210017 -8.80e-01
1109210096 -2.78e+00
1109210243 -3.02e+00
1109211276 -2.99e+00
1109211860 -2.80e+00
1109211898 -2.16e+00
1109212010 -2.87e+00
1109215778 -2.66e+00
1109216295 -1.44e+00
1109216833 -3.04e+00
1109217679 -2.25e+00
1109217791 -3.05e+00
1109218223 -2.77e+00
1109220721 -2.64e+00
1109221270 -2.22e+00
1109244810 -1.25e+00
1109244810 -1.25e+00
1109245697 -2.53e+00
1109247229 -3.11e+00
1109247322 -3.14e+00
1109247578 -2.32e+00
1109253707 -2.35e+00
1109259462 -2.90e+00
1109261757 -3.12e+00
1109263960 -2.64e+00
1109268947 -2.52e+00
1109269057 -2.03e+00
1109269698 -1.99e+00
1109272284 -2.55e+00
1109273273 -1.46e+00
1109273274 -2.21e+00
1109280182 -1.80e+00
1109280238 -2.33e+00
1109280579 -2.15e+00
1109282880 -1.85e+00
1109283516 -2.70e+00
1109287749 -1.73e+00
1109290830 -2.63e+00
1109300025 -2.70e+00
1109303154 -2.58e+00
1109311833 -2.59e+00
1109312394 -2.49e+00
1109320543 -3.06e+00
1109322374 -2.73e+00
1109341540 -3.12e+00
1109345136 -2.17e+00
1109352870 -2.34e+00
1109369583 -2.47e+00
1109370717 -3.10e+00
1109370744 -3.07e+00
1109370776 -2.59e+00
1109371289 -3.30e+00
1109375412 -1.24e+00
1109381377 -3.01e+00
1109388400 -2.20e+00
1109391844 -2.25e+00
1109391933 -2.41e+00
1109399861 -2.52e+00
1109403607 -2.29e+00
1109405261 -2.70e+00
1109409333 -2.62e+00
1109417278 -2.23e+00
1109419205 -2.04e+00
1109425086 -2.32e+00
1109425673 -2.85e+00
1109433284 -2.31e+00
1109437105 -3.05e+00
1109439574 -2.31e+00
1109445518 -2.33e+00
1109448940 -2.88e+00
1109450611 -3.14e+00
1109454935 -3.21e+00
1109455576 -3.13e+00
1109458655 -2.88e+00
1109465838 -2.77e+00
1109484544 -2.40e+00
1109516029 -2.93e+00
1109525938 -2.93e+00
1109528130 -2.76e+00
1109532645 -1.06e+00
1109533931 -2.92e+00
1109534701 -1.42e+00
1109534850 -1.16e+00
1109536499 -2.96e+00
1109537156 -2.39e+00
1109537163 -2.54e+00
1109538401 -2.83e+00
1109538407 -2.32e+00
1109544683 -1.16e+00
1109547750 -2.49e+00
1109551169 -2.75e+00
1109551757 -2.74e+00
1109554356 -1.79e+00
1109554361 -3.24e+00
1109554370 -2.50e+00
1109555416 -2.72e+00
1109555430 -2.52e+00
1109556324 -2.60e+00
1109565929 -2.21e+00
1109567355 -9.42e-01
1109568492 -2.65e+00
1109568493 -2.07e+00
1109572661 -2.36e+00
1109575246 -2.43e+00
1109575254 -1.31e+00
1109575330 -2.81e+00
1109575391 -2.26e+00
1109575421 -2.33e+00
1109576250 -2.76e+00
1109576427 -2.96e+00
1109584917 -2.43e+00
1109584918 -3.34e+00
1109584939 -2.72e+00
1109598888 -2.70e+00
1109612925 -2.16e+00
1109614413 -1.48e+00
1109621013 -2.52e+00
1109621148 -3.54e+00
1109633641 -3.08e+00
1109637917 -2.83e+00
1109641022 -1.49e+00
1109647596 -2.60e+00
1109648535 -1.22e+00
1109650732 -2.07e+00
1109666131 -2.71e+00
1109683109 -2.16e+00
1109705323 -2.77e+00
1109710558 -2.78e+00
1109711410 -2.77e+00
1109711419 -8.98e-01
1109718298 -2.63e+00
1109732415 -2.66e+00
1109733126 -2.34e+00
1109739069 -1.59e+00
1109744993 -2.20e+00
1109746773 -1.13e+00
1109749742 -2.15e+00
1109752095 -2.40e+00
1109757405 -2.88e+00
1109758553 -2.96e+00
1109760622 -2.74e+00
1109761140 6.81e-01
1109761357 -2.55e+00
1109762545 -2.71e+00
1109763032 -2.60e+00
1109763443 -2.30e+00
1109764305 -5.95e-01
1109764885 -1.79e+00
1109765137 -1.77e+00
1109765682 -2.50e+00
1109770465 -2.23e+00
1109773539 -1.10e+00
1109774322 -2.60e+00
1109779411 -3.13e+00
1109780081 -2.75e+00
1109783059 -2.57e+00
1109785094 -2.46e+00
1109785541 -1.23e+00
1109785562 -1.29e+00
1109793170 -2.40e+00
1109794158 -2.38e+00
1109794311 -1.73e+00
1109794332 -2.84e+00
1109795909 -2.00e+00
1109800982 -2.67e+00
1109803211 -2.64e+00
1109803503 -1.95e+00
1109804489 -1.30e+00
1109807107 -2.94e+00
1109818758 -2.09e+00
1109829615 -9.58e-01
1109869888 -2.92e+00
1109883468 -2.72e+00
1109883763 -2.13e+00
1109884390 -3.15e+00
1109889825 -2.67e+00
1109896825 -1.99e+00
1109902664 -2.84e+00
1109904857 -2.16e+00
1109925151 -2.88e+00
1109931190 -3.17e+00
1109934934 -2.48e+00
1109935938 -8.58e-01
1109937209 -2.62e+00
1109942094 -2.88e+00
1109948302 -2.93e+00
1109956250 -2.65e+00
1109958002 -3.02e+00
1109969620 -1.79e+00
1109972158 -2.41e+00
1109973490 -2.85e+00
1109983814 -2.93e+00
1110013270 -2.81e+00
1110028781 -2.30e+00
1110037408 -2.73e+00
1110039877 -8.47e-01
1110045162 -8.92e-01
1110047214 -1.53e+00
1110059275 -1.96e+00
1110061942 -8.28e-01
1110076467 -3.21e+00
1110079518 -3.12e+00
1110084865 -2.33e+00
1110085832 -2.76e+00
1110087418 -7.95e-01
1110088516 -2.71e+00
1110091189 -2.68e+00
1110093529 -2.69e+00
1110115360 -2.77e+00
1110125925 -2.71e+00
1110128435 -2.26e+00
1110129170 -2.41e+00
1110129671 -2.01e+00
1110130618 -1.63e+00
1110131772 -2.12e+00
1110132784 -2.20e+00
1110133330 -1.71e+00
1110135065 -2.14e+00
1110140733 -3.17e+00
1110140758 -2.77e+00
1110140821 -2.86e+00
1110140848 -2.72e+00
1110141941 -2.07e+00
1110143471 -2.81e+00
1110144080 -1.14e+00
1110155198 -2.89e+00
1110157235 -2.11e+00
1110158884 -2.70e+00
1110161610 -2.86e+00
1110162664 -2.15e+00
1110176618 -2.51e+00
1110176631 -2.75e+00
1110176789 -3.14e+00
1110178863 -2.98e+00
1110182115 -2.51e+00
1110182888 -2.49e+00
1110185462 -2.15e+00
1110190050 -1.23e+00
1110194371 -2.67e+00
1110197473 -2.66e+00
1110197883 -2.82e+00
1110198840 -2.70e+00
1110202676 -3.01e+00
1110209684 -1.91e+00
1110210685 -2.71e+00
1110213763 -2.49e+00
1110213824 -2.61e+00
1110214400 -2.74e+00
1110214847 -1.27e+00
1110214880 -2.78e+00
1110214893 -2.94e+00
1110215448 -8.28e-01
1110215469 -2.81e+00
1110215878 -3.06e+00
1110215879 -2.50e+00
1110215940 -2.99e+00
1110216066 -2.74e+00
1110216146 -2.31e+00
1110216269 -3.18e+00
1110218350 -2.28e+00
1110221231 -2.39e+00
1110221974 -3.28e+00
1110227324 -2.89e+00
1110227603 -3.07e+00
1110228985 -2.80e+00
1110229090 -1.81e+00
1110229256 -6.23e-01
1110230035 -6.41e-01
1110230465 -1.05e+00
1110231963 -2.05e+00
1110233323 -2.20e+00
1110233830 -2.24e+00
1110234267 -2.26e+00
1110234346 -2.93e+00
1110234551 -2.33e+00
1110236055 -9.87e-01
1110237056 -2.19e+00
1110243662 -1.81e+00
1110244905 -1.81e+00
1110247521 -2.86e+00
1110248203 -2.36e+00
1110248316 -2.63e+00
1110261343 -2.50e+00
1110264935 -2.64e+00
1110272316 -2.79e+00
1110273378 -2.59e+00
1110288063 -2.55e+00
1110290993 -2.93e+00
1110295902 -2.54e+00
1110304526 -2.50e+00
1110304584 -2.95e+00
1110313625 -2.80e+00
1110323123 -2.09e+00
1110328060 -2.48e+00
1110336708 -2.75e+00
1110337542 -3.03e+00
1110338474 -2.58e+00
1110340529 -2.60e+00
1110346647 -2.96e+00
1110347555 -3.12e+00
1110348832 -2.45e+00
1110363358 -2.90e+00
1110363571 -2.78e+00
1110373997 -1.99e+00
1110398119 -2.17e+00
1110416009 -3.19e+00
1110429375 -2.61e+00
1110429823 -2.91e+00
1110441589 -2.53e+00
1110443390 -2.66e+00
1110444720 -2.88e+00
1110446203 -1.57e+00
1110451849 -3.25e+00
1110451953 -2.38e+00
1110458806 -2.42e+00
1110460535 -2.96e+00
1110461279 -1.96e+00
1110461283 -2.49e+00
1110466006 -3.16e+00
1110468148 -2.85e+00
1110480220 -2.77e+00
1110482554 -2.60e+00
1110489514 -3.02e+00
1110500775 -2.92e+00
1110505114 -2.87e+00
1110506792 -3.19e+00
1110508324 -2.41e+00
1110510065 -2.79e+00
1110510317 -2.40e+00
1110511995 -1.24e+00
1110513760 -3.10e+00
1110517482 -3.43e+00
1110518704 -7.59e-01
1110519065 -2.07e+00
1110521194 -2.35e+00
1110526745 -1.87e+00
1110528745 -1.14e+00
1110529170 -1.26e+00
1110529714 -1.56e+00
1110530027 -3.38e+00
1110530740 -2.70e+00
1110532724 -2.98e+00
1110532810 -2.19e+00
1110533695 -1.37e+00
1110533700 -2.41e+00
1110534010 -1.76e+00
1110534843 -1.28e+00
1110535092 -1.87e+00
1110535255 -2.31e+00
1110535637 -3.17e+00
1110535935 -2.92e+00
1110536198 -2.91e+00
1110536299 -1.58e+00
1110536385 -2.39e+00
1110536414 -1.98e+00
1110536659 -2.67e+00
1110536925 -2.89e+00
1110537012 -2.91e+00
1110537382 -2.61e+00
1110538186 -2.75e+00
1110538300 -2.19e+00
1110538669 -2.20e+00
1110539810 -2.53e+00
1110540668 -3.12e+00
1110540889 -2.61e+00
1110540926 -3.25e+00
1110541851 -1.89e+00
1110543684 -3.06e+00
1110543801 -2.24e+00
1110545444 -1.59e+00
1110546237 -2.26e+00
1110547489 -1.25e+00
1110551028 -2.56e+00
1110551086 -2.80e+00
1110551443 -1.43e+00
1110552306 -2.58e+00
1110553524 -1.99e+00
1110557265 -2.40e+00
1110557939 -3.06e+00
1110562172 -1.62e+00
1110563551 -2.74e+00
1110568443 -2.88e+00
1110570477 -2.17e+00
1110571202 -1.61e+00
1110574290 -2.69e+00
1110575121 -5.96e-01
1110575493 -1.71e+00
1110575853 -1.67e+00
1110577691 -2.60e+00
1110585153 -2.72e+00
1110586137 -2.49e+00
1110586424 -2.57e+00
1110588376 -2.56e+00
1110591296 -8.72e-01
1110594967 -8.72e-01
1110596501 -8.22e-01
1110596605 -2.36e+00
1110596618 -1.03e+00
1110596639 -2.07e+00
1110596952 -2.25e+00
1110597369 -2.80e+00
1110597669 -2.92e+00
1110598766 -2.82e+00
1110599485 -2.43e+00
1110600064 -2.62e+00
1110602145 -1.29e+00
1110602172 -1.57e+00
1110602257 -1.69e+00
1110605152 -2.54e+00
1110606419 -2.90e+00
1110608312 -1.51e+00
1110609327 -2.64e+00
1110615472 -2.76e+00
1110615527 -2.74e+00
1110619518 -2.25e+00
1110620580 -1.05e+00
1110623063 -1.92e+00
1110623103 -2.46e+00
1110628321 -2.60e+00
1110628384 -2.62e+00
1110630913 -2.58e+00
1110631181 -2.74e+00
1110632395 -2.71e+00
1110633988 -1.92e+00
1110637703 -2.80e+00
1110637712 -2.41e+00
1110638693 -2.98e+00
1110640718 -3.12e+00
1110640899 -2.75e+00
1110642137 -2.46e+00
1110642228 -2.91e+00
1110647852 -1.14e+00
1110651811 -2.81e+00
1110651854 -2.48e+00
1110651894 -2.67e+00
1110652534 -1.87e+00
1110653895 -1.31e+00
1110655101 -2.63e+00
1110657208 -2.66e+00
1110660278 -2.81e+00
1110662287 -2.16e+00
1110669734 -1.60e+00
1110676428 -2.81e+00
1110682585 -2.89e+00
1110687050 -2.13e+00
1110690612 -2.30e+00
1110691256 -2.79e+00
1110693587 -2.14e+00
1110703261 -2.79e+00
1110704009 -3.06e+00
1110704025 -2.50e+00
1110706177 -3.20e+00
1110711794 -3.03e+00
1110726640 -1.79e+00
1110729273 -2.41e+00
1110730287 -1.78e+00
1110731236 -2.47e+00
1110732132 -2.60e+00
1110740878 -1.37e+00
1110753312 -2.42e+00
1110753707 -2.90e+00
1110754136 -2.64e+00
1110754331 -1.24e+00
1110756124 -2.40e+00
1110758500 -2.33e+00
1110767188 -2.60e+00
1110768420 -1.41e+00
1110769573 -2.06e+00
1110773505 -2.52e+00
1110774225 -1.18e+00
1110775287 -2.36e+00
1110775294 -2.95e+00
1110777404 -7.04e-01
1110777732 -2.89e+00
1110780282 -1.64e+00
1110782149 -2.23e+00
1110784199 -3.06e+00
1110794371 -2.74e+00
1110798977 -2.32e+00
1110802698 -2.86e+00
1110806935 -2.78e+00
1110808069 -2.84e+00
1110808631 -2.52e+00
1110815902 -2.65e+00
1110816765 -9.97e-01
1110816765 -9.97e-01
1110816976 -2.90e+00
1110817069 -2.44e+00
1110818039 -2.77e+00
1110818669 -2.94e+00
1110818674 -2.90e+00
1110819021 -2.77e+00
1110820628 -2.21e+00
1110823413 -2.91e+00
1110823492 -2.40e+00
1110823768 -2.73e+00
1110823769 -2.32e+00
1110824076 -3.01e+00
1110824882 -2.30e+00
1110826938 -3.17e+00
1110827515 -2.61e+00
1110829712 -2.83e+00
1110831009 -1.77e+00
1110832596 -1.63e+00
1110832862 -1.92e+00
1110833074 -2.65e+00
1110833187 -2.58e+00
1110833486 -2.08e+00
1110857980 -2.92e+00
1110866673 -1.71e+00
1110870620 -2.96e+00
1110871703 -2.90e+00
1110875030 -1.45e+00
1110875031 -2.47e+00
1110875040 -2.97e+00
1110876666 -1.51e+00
1110880108 -2.39e+00
1110880442 -1.89e+00
1110883161 -2.36e+00
1110885465 -2.33e+00
1110886913 -2.66e+00
1110891143 -2.00e+00
1110891154 -2.30e+00
1110894236 -1.55e+00
1110902943 -2.70e+00
1110905651 -1.30e+00
1110906164 -2.52e+00
1110906237 -2.47e+00
1110906390 -2.70e+00
1110908444 -2.70e+00
1110908631 -2.79e+00
1110910214 -2.19e+00
1110914561 -2.01e+00
1110915140 -2.80e+00
1110915431 -1.95e+00
1110918041 -1.98e+00
1110920145 -1.30e+00
1110923991 -2.79e+00
1110925273 -3.08e+00
1110926513 -2.98e+00
1110926948 -3.10e+00
1110927340 -2.73e+00
1110930653 -2.73e+00
1110934609 -2.69e+00
1110935023 -2.87e+00
1110935322 -2.54e+00
1110938539 -2.72e+00
1110939277 -2.82e+00
1110939427 -3.05e+00
1110942461 -3.10e+00
1110943964 -2.46e+00
1110943983 -3.14e+00
1110949303 -2.66e+00
1110949361 -2.55e+00
1110954902 -2.78e+00
1110955722 -3.81e+00
1110959825 -1.48e+00
1110961807 -2.53e+00
1110965994 -2.61e+00
1110968418 -2.47e+00
1110969208 -2.19e+00
1110969528 -1.25e+00
1110972964 -1.25e+00
1110972967 -1.94e+00
1110972970 -1.94e+00
1110972975 -2.89e+00
1110974520 -1.18e+00
1110974625 -1.07e+00
1110974642 -3.06e+00
1110978158 -2.93e+00
1110979413 -2.25e+00
1110986137 -2.47e+00
1110998619 -2.48e+00
1111004469 -2.27e+00
1111005547 -2.21e+00
1111005551 -2.86e+00
1111007235 -1.23e+00
1111007764 -3.07e+00
1111009193 -1.36e+00
1111009373 -2.37e+00
1111010265 -2.85e+00
1111011057 -1.98e+00
1111011965 -1.18e+00
1111011993 -2.44e+00
1111012155 -2.95e+00
1111012320 -2.39e+00
1111016068 -2.36e+00
1111017461 -2.17e+00
1111018833 -2.85e+00
1111018927 -2.68e+00
1111019282 -2.44e+00
1111019928 -2.72e+00
1111019941 -2.35e+00
1111020521 -2.29e+00
1111020582 -2.11e+00
1111025354 -2.10e+00
1111025459 -2.23e+00
1111027082 -2.97e+00
1111027101 -2.60e+00
1111028268 -2.74e+00
1111028271 -2.63e+00
1111028274 -2.78e+00
1111028700 -1.28e+00
1111028773 -2.94e+00
1111028862 -1.98e+00
1111030883 -2.23e+00
1111030888 -1.87e+00
1111031020 -2.36e+00
1111031053 -2.63e+00
1111031162 -2.81e+00
1111033165 -2.73e+00
1111033412 -2.50e+00
1111033523 -2.30e+00
1111034340 -1.96e+00
1111035489 -2.32e+00
1111035540 -2.27e+00
1111035706 -3.02e+00
1111035713 -2.94e+00
1111035757 -2.60e+00
1111035792 -2.92e+00
1111035815 -1.82e+00
1111036820 -2.41e+00
1111037196 -1.99e+00
1111037738 -2.48e+00
1111038870 -9.26e-01
1111038870 -9.26e-01
1111038870 -9.26e-01
1111039674 -3.01e+00
1111041801 -1.70e+00
1111041917 -2.88e+00
1111044290 -2.83e+00
1111044313 -1.88e+00
1111045235 -2.87e+00
1111049641 -3.15e+00
1111051643 -2.06e+00
1111051652 -2.44e+00
1111051779 -1.45e+00
1111052455 -2.76e+00
1111052463 -2.15e+00
1111054914 -3.02e+00
1111055343 -2.18e+00
1111060419 -3.00e+00
1111060454 -2.91e+00
1111062539 -2.60e+00
1111062875 -2.02e+00
1111063853 -2.64e+00
1111064168 -2.62e+00
1111072966 -2.22e+00
1111073046 -2.80e+00
1111073134 -2.71e+00
1111073155 -2.37e+00
1111073161 -1.87e+00
1111075951 -3.26e+00
1111079039 -2.48e+00
1111079789 -2.73e+00
1111084192 -3.05e+00
1111084407 -2.34e+00
1111085204 -1.93e+00
1111095535 -2.89e+00
1111096325 -2.99e+00
1111096973 -3.15e+00
1111097137 -3.18e+00
1111097143 -3.02e+00
1111097323 -2.72e+00
1111097410 -2.91e+00
1111098543 -3.02e+00
1111101481 -3.01e+00
1111101491 -2.92e+00
1111101496 -2.91e+00
1111103808 -3.04e+00
1111105465 -2.83e+00
1111106763 -2.68e+00
1111108013 -2.54e+00
1111109458 -2.31e+00
1111109459 -2.75e+00
1111109460 -2.87e+00
1111110632 -2.48e+00
1111110757 -3.02e+00
1111110883 -2.90e+00
1111111303 -2.83e+00
1111112089 -2.47e+00
1111116997 -2.79e+00
1111117636 -2.54e+00
1111119503 -2.65e+00
1111120456 -2.85e+00
1111123397 -2.85e+00
1111134061 -2.82e+00
1111136225 -2.88e+00
1111143718 -2.83e+00
1111145614 -2.86e+00
1111145651 -2.38e+00
1111151763 -2.46e+00
1111152111 -2.86e+00
1111152768 -3.41e+00
1111153609 -2.83e+00
1111154462 -2.84e+00
1111155153 -2.69e+00
1111156603 -1.75e+00
1111157491 -2.27e+00
1111159255 -2.15e+00
1111159644 -2.90e+00
1111159718 -2.55e+00
1111160712 -2.61e+00
1111166476 -3.12e+00
1111167510 -1.40e+00
1111167831 -2.26e+00
1111168544 -2.45e+00
1111168648 -2.00e+00
1111169873 -2.57e+00
1111171256 -2.84e+00
1111173505 -2.85e+00
1111174830 -2.82e+00
1111175286 -2.96e+00
1111175575 -2.81e+00
1111182840 -7.70e-01
1111185367 -2.49e+00
1111186035 -2.62e+00
1111189068 -2.73e+00
1111193526 -2.00e+00
1111202969 -3.05e+00
1111203742 -3.11e+00
1111203795 -3.01e+00
1111203986 -2.78e+00
1111203993 -2.83e+00
1111204551 -1.89e+00
1111206616 -3.25e+00
1111208418 -2.80e+00
1111210643 -3.10e+00
1111211070 -2.91e+00
1111220776 -2.22e+00
1111226408 -2.91e+00
1111235905 -3.03e+00
1111237870 -2.44e+00
1111242377 -2.76e+00
1111246511 -2.83e+00
1111248782 -2.68e+00
1111250536 -2.81e+00
1111252293 -1.96e+00
1111252322 -2.15e+00
1111252899 -2.64e+00
1111256330 -2.31e+00
1111258109 -2.86e+00
1111261063 -2.89e+00
1111261448 -2.60e+00
1111264856 -2.14e+00
1111266732 -2.90e+00
1111266936 -2.80e+00
1111269062 -2.93e+00
1111272182 -2.77e+00
1111301705 -2.84e+00
1111315212 -2.69e+00
1111317650 -2.55e+00
1111317657 -2.35e+00
1111317680 -2.42e+00
1111318245 -1.53e+00
1111322843 -2.86e+00
1111322848 -1.91e+00
1111335271 -2.93e+00
1111335497 -2.63e+00
1111342739 -2.65e+00
1111342753 -2.97e+00
1111344279 -2.75e+00
1111349766 -2.79e+00
1111357594 -2.97e+00
1111372247 -1.74e+00
1111372957 -1.73e+00
1111379333 -2.77e+00
1111380510 -2.84e+00
1111388286 -2.71e+00
1111388521 -3.21e+00
1111397888 -2.67e+00
1111415944 -2.95e+00
1111430863 -3.10e+00
1111444757 -2.61e+00
1111454930 -2.75e+00
1111460880 -2.91e+00
1111464487 -2.87e+00
1111472816 -2.08e+00
1111480015 -2.09e+00
1111485443 -2.74e+00
1111486820 -2.30e+00
1111498908 -2.81e+00
1111499357 -2.94e+00
1111500007 -1.66e+00
1111500129 -2.47e+00
1111505231 -1.55e+00
1111506232 -3.13e+00
1111508905 -2.92e+00
1111515410 -3.04e+00
1111515640 -3.06e+00
1111531475 -2.58e+00
1111531690 -2.88e+00
1111532055 -1.28e+00
1111532109 -2.49e+00
1111532461 -2.91e+00
1111533863 -2.82e+00
1111540695 -2.76e+00
1111540819 -1.99e+00
1111543852 -2.40e+00
1111543939 -2.68e+00
1111543941 -2.24e+00
1111543953 -2.80e+00
1111543955 -2.80e+00
1111543961 -2.88e+00
1111543975 -2.70e+00
1111544175 -1.49e+00
1111544440 -1.94e+00
1111546740 -1.37e+00
1111552963 -2.04e+00
1111553121 -2.49e+00
1111553555 -1.62e+00
1111556321 -2.39e+00
1111557448 -2.38e+00
1111562160 -2.58e+00
1111565371 -2.68e+00
1111568308 -2.71e+00
1111571191 -3.04e+00
1111574531 -1.79e+00
1111575031 -8.72e-01
1111576313 -1.72e+00
1111576705 -1.21e+00
1111582897 -1.96e+00
1111585287 -2.05e+00
1111585293 -1.05e+00
1111585664 -1.10e+00
1111586483 -2.18e+00
1111587076 -1.72e+00
1111588697 -2.92e+00
1111589393 -2.69e+00
1111591419 -2.28e+00
1111592419 -2.59e+00
1111593099 -2.79e+00
1111595692 -1.87e+00
1111597366 -2.33e+00
1111599754 -1.90e+00
1111601373 -1.88e+00
1111602265 -1.06e+00
1111606014 -1.96e+00
1111606079 -2.43e+00
1111606230 -1.49e+00
1111606262 -1.71e+00
1111606549 -3.08e+00
1111606767 -1.99e+00
1111609080 -2.34e+00
1111609560 -1.40e+00
1111609560 -1.40e+00
1111609664 -1.05e+00
1111609753 -2.23e+00
1111610070 -1.85e+00
1111610138 -1.13e+00
1111610160 -2.19e+00
1111610161 -1.31e+00
1111610315 -2.41e+00
1111610859 -2.55e+00
1111611977 -2.76e+00
1111612224 -2.72e+00
1111612225 -2.49e+00
1111612477 -2.02e+00
1111612574 -2.45e+00
1111615851 -2.48e+00
1111616052 -2.76e+00
1111616396 -8.53e-01
1111617234 -2.05e+00
1111618485 -2.58e+00
1111620372 -1.63e+00
1111621298 -1.26e+00
1111621397 -2.29e+00
1111621411 -2.37e+00
1111621532 -1.45e+00
1111621555 -1.86e+00
1111621556 -1.90e+00
1111625449 -1.80e+00
1111625497 -2.51e+00
1111625513 -1.45e+00
1111626087 -2.98e+00
1111626113 -2.69e+00
1111626653 -3.02e+00
1111626824 -2.27e+00
1111627293 -2.55e+00
1111627370 -8.98e-01
1111635470 -9.19e-01
1111636047 -1.61e+00
1111638975 -2.46e+00
1111642147 -3.17e+00
1111642669 -2.32e+00
1111642733 -2.85e+00
1111644467 -2.75e+00
1111645434 -2.25e+00
1111645872 -2.68e+00
1111653600 -2.59e+00
1111656417 -6.24e-01
1111657849 -2.51e+00
1111661125 -1.32e+00
1111663269 -1.63e+00
1111666326 -1.42e+00
1111667301 -1.95e+00
1111674526 -2.38e+00
1111674617 -2.38e+00
1111677725 -8.46e-01
1111678718 -2.70e+00
1111679626 -1.57e+00
1111680567 -2.53e+00
1111681785 -2.46e+00
1111681927 -2.32e+00
1111688735 -2.56e+00
1111693930 -2.56e+00
1111694865 -2.69e+00
1111700871 -2.53e+00
1111704563 -2.70e+00
1111710443 -2.66e+00
1111715100 -2.44e+00
1111718522 -2.74e+00
1111723224 -2.79e+00
1111725289 -2.31e+00
1111726679 -2.51e+00
1111726708 -1.73e+00
1111728375 -2.08e+00
1111730542 -2.97e+00
1111750536 -2.69e+00
1111751246 -2.54e+00
1111752667 -2.84e+00
1111752812 -2.86e+00
1111754815 -3.40e+00
1111760170 -2.06e+00
1111763241 -2.79e+00
1111766535 -1.55e+00
1111769096 -2.04e+00
1111773078 -3.12e+00
1111773629 -2.19e+00
1111775867 -1.68e+00
1111777016 -1.99e+00
1111785130 -2.53e+00
1111798273 -2.70e+00
1111801218 -2.27e+00
1111801346 -2.30e+00
1111807404 -3.10e+00
1111811496 -2.79e+00
1111816805 -2.85e+00
1111817372 -3.03e+00
1111826261 -2.14e+00
1111845506 -2.56e+00
1111848649 -3.17e+00
1111848662 -2.43e+00
1111851463 -2.62e+00
1111855653 -3.06e+00
1111862426 -2.95e+00
1111864043 -2.06e+00
1111868512 -2.45e+00
1111868649 -1.95e+00
1111871425 -2.92e+00
1111880400 -1.76e+00
1111889944 -1.80e+00
1111892550 -2.53e+00
1111902812 -1.16e+00
1111907649 -2.90e+00
1111908886 -2.07e+00
1111912644 -2.25e+00
1111913778 -2.87e+00
1111913857 -3.01e+00
1111915135 -2.29e+00
1111917314 -1.85e+00
1111917573 -2.04e+00
1111918170 -9.25e-01
1111926437 -9.67e-01
1111932178 -8.75e-01
1111940784 -8.75e-01
1111941055 -9.19e-01
1111941677 -2.68e+00
1111942576 -2.69e+00
1111948027 -3.11e+00
1111948053 -3.09e+00
1111951415 -2.90e+00
1111951922 -2.69e+00
1111953693 -3.22e+00
1111956446 -2.86e+00
1111959740 -2.61e+00
1111962541 -1.42e+00
1111965228 -1.46e+00
1111965410 -1.61e+00
1111965411 -1.58e+00
1111970238 -1.79e+00
1111980605 -2.13e+00
1111992218 -2.55e+00
1111992449 -2.80e+00
1111992712 -2.87e+00
1112000482 -1.47e+00
1112004098 -2.75e+00
1112009797 -2.57e+00
1112015837 -3.25e+00
1112019838 -2.11e+00
1112021807 -1.12e+00
1112030517 -8.78e-01
1112031815 -2.18e+00
1112039037 -2.34e+00
1112039888 -2.41e+00
1112040398 -2.71e+00
1112041142 -1.24e+00
1112043374 -2.31e+00
1112049772 -2.42e+00
1112053495 -2.76e+00
1112055243 -2.93e+00
1112055854 -2.88e+00
1112066937 -2.55e+00
1112070021 -2.31e+00
1112070720 -2.73e+00
1112077654 -2.24e+00
1112085277 -2.72e+00
1112087609 -2.70e+00
1112090075 -3.05e+00
1112119798 -2.57e+00
1112119811 -2.37e+00
1112120851 -2.82e+00
1112127931 -2.93e+00
1112134141 -1.69e+00
1112154920 -2.38e+00
1112160329 -2.56e+00
1112163525 -3.04e+00
1112169654 -2.78e+00
1112174368 -2.51e+00
1112174941 -2.13e+00
1112181541 -2.58e+00
1112181941 -2.42e+00
1112182283 -2.16e+00
1112186405 -1.76e+00
1112198463 -2.49e+00
1112206876 -2.88e+00
1112279043 -2.98e+00
1112280154 -2.48e+00
1112288291 -2.63e+00
1112298001 -2.89e+00
1112322350 -2.66e+00
1112351027 -1.63e+00
1112355041 -2.51e+00
1112361702 -2.60e+00
1112362554 -2.80e+00
1112369606 -2.34e+00
1112370783 -2.78e+00
1112373071 -2.93e+00
1112373075 -2.80e+00
1112373077 -2.74e+00
1112376035 -1.86e+00
1112376037 -2.30e+00
1112376040 -1.96e+00
1112376120 -2.31e+00
1112393423 -1.67e+00
1112396565 -2.18e+00
1112402297 -2.64e+00
1112402423 -1.97e+00
1112402435 -1.19e+00
1112402925 -2.60e+00
1112404364 -2.66e+00
1112405029 -2.76e+00
1112405662 -2.97e+00
1112406493 -2.80e+00
1112408307 -3.37e+00
1112408525 -2.71e+00
1112409054 -3.02e+00
1112411217 -1.28e+00
1112417304 -2.44e+00
1112429009 -2.61e+00
1112433501 -3.05e+00
1112438274 -3.01e+00
1112445746 -2.85e+00
1112450419 -2.88e+00
1112456502 -2.90e+00
1112464367 -2.93e+00
1112465498 -2.82e+00
1112470931 -2.89e+00
1112472955 -2.81e+00
1112485156 -2.77e+00
1112501039 -2.55e+00
1112502411 -2.27e+00
1112507986 -2.40e+00
1112511126 -2.79e+00
1112513148 -2.64e+00
1112514826 -2.72e+00
1112518211 -2.95e+00
1112518219 -2.88e+00
1112529948 -2.36e+00
1112547305 -3.10e+00
1112549484 -1.88e+00
1112570892 -2.90e+00
1112572384 -1.64e+00
1112578681 -2.76e+00
1112583343 -2.50e+00
1112583524 -2.90e+00
1112592033 -2.99e+00
1112603176 -2.76e+00
1112604269 -2.84e+00
1112605114 -2.91e+00
1112605483 -2.32e+00
1112609730 -2.74e+00
1112609731 -2.55e+00
1112612241 -2.17e+00
1112616038 -2.11e+00
1112618427 -2.69e+00
1112618721 -1.59e+00
1112620627 -2.03e+00
1112621000 -3.03e+00
1112630825 -2.80e+00
1112630852 -2.88e+00
1112630877 -2.55e+00
1112639034 -2.57e+00
1112640193 -2.72e+00
1112646713 -2.98e+00
1112648537 -2.27e+00
1112648613 -1.96e+00
1112649353 -2.14e+00
1112652297 -2.76e+00
1112652432 -2.70e+00
1112660406 -3.22e+00
1112661240 -2.73e+00
1112662200 -1.04e+00
1112663025 -2.93e+00
1112663240 -2.88e+00
1112664574 -2.43e+00
1112665100 -2.74e+00
1112667964 -2.68e+00
1112668766 -3.03e+00
1112669789 -1.98e+00
1112669790 -2.93e+00
1112672037 -2.38e+00
1112673603 -1.95e+00
1112674900 -2.73e+00
1112676022 -1.85e+00
1112677318 -2.79e+00
1112677722 -2.88e+00
1112678620 -2.90e+00
1112678920 -2.75e+00
1112678923 -3.02e+00
1112680236 -2.75e+00
1112680315 -2.67e+00
1112681577 -2.12e+00
1112682582 -3.10e+00
1112683897 -2.69e+00
1112684952 -2.22e+00
1112685001 -5.42e-01
1112685252 -2.52e+00
1112685491 -2.51e+00
1112685639 -2.65e+00
1112685641 -2.83e+00
1112686020 -9.75e-01
1112686230 -7.33e-01
1112686716 -3.18e+00
1112687174 -3.16e+00
1112688144 -1.86e+00
1112688313 -3.13e+00
1112688671 -2.32e+00
1112689301 -2.84e+00
1112689507 -2.37e+00
1112689760 -3.12e+00
1112689766 -3.20e+00
1112689770 -1.59e+00
1112690073 -2.97e+00
1112690126 -2.95e+00
1112690394 -2.56e+00
1112691160 -3.09e+00
1112691228 -2.77e+00
1112691456 -2.69e+00
1112691464 -2.70e+00
1112691610 -2.55e+00
1112691642 -2.41e+00
1112691801 -3.01e+00
1112692022 -1.97e+00
1112692138 -2.80e+00
1112692665 -3.26e+00
1112693035 -2.63e+00
1112693994 -2.81e+00
1112694720 -1.06e+00
1112695486 -2.03e+00
1112695810 -2.86e+00
1112695846 -2.23e+00
1112695859 -2.61e+00
1112695898 -2.89e+00
1112696820 -8.60e-01
1112697220 -2.40e+00
1112697449 -2.63e+00
1112697529 -2.35e+00
1112697675 -1.57e+00
1112697735 -2.64e+00
1112697938 -2.84e+00
1112699227 -2.83e+00
1112700803 -3.26e+00
1112701424 -2.33e+00
1112702388 -2.38e+00
1112702582 -2.33e+00
1112703319 -2.64e+00
1112703476 -2.70e+00
1112705513 -2.19e+00
1112705677 -2.10e+00
1112705890 -2.93e+00
1112706363 -2.91e+00
1112706365 -2.82e+00
1112706425 -2.85e+00
1112706430 -1.63e+00
1112706447 -1.77e+00
1112706451 -2.68e+00
1112706524 -2.59e+00
1112706540 -3.00e+00
1112706555 -2.56e+00
1112707596 -3.51e+00
1112708609 -2.98e+00
1112709199 -1.64e+00
1112709555 -3.29e+00
1112710124 -2.37e+00
1112710400 -2.80e+00
1112710519 -2.06e+00
1112710753 -9.93e-01
1112710914 -2.70e+00
1112711372 -2.00e+00
1112713305 -8.60e-01
1112713305 -8.60e-01
1112713433 -2.67e+00
1112713941 -2.60e+00
1112713990 -2.90e+00
1112714637 -2.86e+00
1112714706 -2.46e+00
1112715242 -2.93e+00
1112715308 -2.66e+00
1112715346 -2.24e+00
1112715383 -2.40e+00
1112716337 -2.99e+00
1112717944 -2.76e+00
1112718568 -2.31e+00
1112719020 -6.54e-01
1112719838 -2.90e+00
1112720915 -2.92e+00
1112721912 -3.06e+00
1112722385 -2.78e+00
1112722468 -2.25e+00
1112722842 -2.81e+00
1112722843 -2.72e+00
1112722980 -7.20e-01
1112723241 -2.30e+00
1112723681 -2.74e+00
1112723811 -2.71e+00
1112723861 -2.74e+00
1112725806 -2.59e+00
1112726666 -2.60e+00
1112726790 -2.55e+00
1112728065 -8.17e-01
1112728323 -9.99e-01
1112729257 -2.68e+00
1112729693 -2.36e+00
1112731011 -1.97e+00
1112731066 -1.95e+00
1112731070 -2.67e+00
1112732337 -2.34e+00
1112733005 -2.53e+00
1112734764 -1.26e+00
1112736240 -2.85e+00
1112737287 -2.16e+00
1112737871 -1.57e+00
1112738468 -2.39e+00
1112739842 -2.95e+00
1112740355 -1.61e+00
1112741599 -2.15e+00
1112741645 -2.15e+00
1112742292 -2.65e+00
1112743296 -1.94e+00
1112744059 -2.35e+00
1112744105 -3.01e+00
1112745354 -2.98e+00
1112745357 -1.70e+00
1112747747 -2.72e+00
1112747785 -2.69e+00
1112747817 -2.75e+00
1112748653 -2.04e+00
1112749558 -3.18e+00
1112750705 -1.59e+00
1112751378 -2.41e+00
1112753200 -2.60e+00
1112754977 -2.71e+00
1112755282 -2.67e+00
1112756699 -3.06e+00
1112757651 -2.63e+00
1112760937 -2.91e+00
1112761078 -2.05e+00
1112766652 -3.09e+00
1112767033 -2.56e+00
1112771765 -2.93e+00
1112772293 -2.67e+00
1112772403 -2.75e+00
1112772443 -2.27e+00
1112772450 -2.38e+00
1112774047 -2.69e+00
1112781220 -3.24e+00
1112784228 -3.18e+00
1112786726 -2.89e+00
1112788430 -7.50e-01
1112788698 -2.29e+00
1112788699 -2.02e+00
1112795719 -1.50e+00
1112797759 -2.45e+00
1112799662 -2.57e+00
1112801366 6.04e-01
1112803226 -1.72e+00
1112803569 -1.04e+00
1112803663 -1.21e+00
1112804177 -1.21e+00
1112805285 -1.07e+00
1112805297 -2.59e+00
1112805365 -1.81e+00
1112805367 -2.56e+00
1112805750 -6.88e-01
1112805750 -6.88e-01
1112805795 -1.18e+00
1112805795 -1.18e+00
1112805795 -1.18e+00
1112805918 -2.25e+00
1112805966 -1.83e+00
1112805981 -1.86e+00
1112806210 -2.80e+00
1112806233 -2.39e+00
1112806658 -2.01e+00
1112806737 -2.59e+00
1112806952 -2.41e+00
1112809474 -1.62e+00
1112815243 -1.96e+00
1112815244 -2.43e+00
1112815246 -2.46e+00
1112815290 -1.22e+00
1112815467 -1.12e+00
1112815985 -1.42e+00
1112816076 -2.03e+00
1112817372 -1.95e+00
1112819729 -2.16e+00
1112821311 -2.37e+00
1112824296 -2.54e+00
1112826466 -2.59e+00
1112826652 -2.21e+00
1112831027 -1.73e+00
1112840613 -1.72e+00
1112841210 -1.09e+00
1112845875 -2.05e+00
1112847613 -2.22e+00
1112854416 -2.08e+00
1112867054 -2.31e+00
1112870731 -2.23e+00
1112876051 -1.94e+00
1112887854 -1.72e+00
1112889967 -1.57e+00
1112890973 -1.76e+00
1112891554 -1.66e+00
1112891584 -2.13e+00
1112892078 -2.21e+00
1112896363 -2.24e+00
1112897505 -2.27e+00
1112897662 -2.38e+00
1112897823 -2.63e+00
1112906224 -1.10e+00
1112913487 -2.20e+00
1112914400 -1.78e+00
1112916040 -1.54e+00
1112918647 -2.39e+00
1112919794 -2.26e+00
1112927826 -2.20e+00
1112928178 -1.92e+00
1112929080 -2.18e+00
1112929125 -2.52e+00
1112929137 -2.39e+00
1112930315 -2.59e+00
1112935695 -1.25e+00
1112942501 1.12e+00